5       -12
4.99    -6
4.98    -24
4.97    -6
4.96    -8
4.95    -14
4.94    -24
4.93    -18
4.92    -12
4.91    -10
4.9     -12
4.89    -2
4.88    -22
4.87    -16
4.86    -8
4.85    -6
4.84    -22
4.83    -24
4.82    -6
4.81    -10
4.8     -8
4.79    -10
4.78    -4
4.77    -10
4.76    -14
4.75    0
4.74    -18
4.73    -28
4.72    -22
4.71    -18
4.7     -16
4.69    -10
4.68    -12
4.67    0
4.66    -6
4.65    -2
4.64    -6
4.63    -14
4.62    -8
4.61    -14
4.6     4
4.59    -10
4.58    2
4.57    -20
4.56    -8
4.55    -32
4.54    -12
4.53    -20
4.52    -4
4.51    -16
4.5     -24
4.49    8
4.48    -22
4.47    -12
4.46    -12
4.45    -28
4.44    -8
4.43    -4
4.42    -10
4.41    -18
4.4     -12
4.39    -16
4.38    -16
4.37    -10
4.36    -2
4.35    -8
4.34    -24
4.33    -24
4.32    -16
4.31    -12
4.3     -20
4.29    -12
4.28    -10
4.27    -16
4.26    -2
4.25    -4
4.24    -18
4.23    -10
4.22    -18
4.21    -12
4.2     -26
4.19    -6
4.18    -8
4.17    -22
4.16    -24
4.15    -10
4.14    -2
4.13    -10
4.12    -20
4.11    -26
4.1     -20
4.09    -10
4.08    -14
4.07    -14
4.06    -20
4.05    -20
4.04    -14
4.03    -22
4.02    -20
4.01    -14
4       -28
3.99    -20
3.98    -14
3.97    -12
3.96    -18
3.95    -8
3.94    -16
3.93    -16
3.92    -18
3.91    -20
3.9     -6
3.89    -14
3.88    -8
3.87    -18
3.86    -14
3.85    -6
3.84    -24
3.83    -24
3.82    -22
3.81    -26
3.8     -8
3.79    -4
3.78    -12
3.77    -18
3.76    -12
3.75    -22
3.74    -22
3.73    -14
3.72    -18
3.71    -22
3.7     -12
3.69    -24
3.68    -8
3.67    -6
3.66    -16
3.65    -20
3.64    -18
3.63    -10
3.62    -24
3.61    -22
3.6     -18
3.59    -10
3.58    -16
3.57    -28
3.56    -12
3.55    -4
3.54    -22
3.53    -26
3.52    -10
3.51    -20
3.5     -12
3.49    -24
3.48    -14
3.47    -6
3.46    -8
3.45    -16
3.44    -18
3.43    -22
3.42    -32
3.41    -32
3.4     -16
3.39    -18
3.38    -22
3.37    -18
3.36    -18
3.35    -18
3.34    -26
3.33    -6
3.32    -28
3.31    -10
3.3     -16
3.29    -8
3.28    -18
3.27    -22
3.26    -16
3.25    -12
3.24    -18
3.23    -18
3.22    -22
3.21    -18
3.2     -18
3.19    -14
3.18    -16
3.17    -18
3.16    -30
3.15    -32
3.14    -20
3.13    2
3.12    -22
3.11    -14
3.1     -14
3.09    -10
3.08    -8
3.07    -30
3.06    -18
3.05    -20
3.04    -18
3.03    -14
3.02    -12
3.01    -26
3       -14
2.99    -24
2.98    -10
2.97    -32
2.96    -32
2.95    -22
2.94    -22
2.93    -12
2.92    -32
2.91    -20
2.9     -16
2.89    -14
2.88    -16
2.87    -20
2.86    -30
2.85    -30
2.84    -12
2.83    -22
2.82    -12
2.81    -10
2.8     -28
2.79    -16
2.78    -28
2.77    -20
2.76    -22
2.75    -16
2.74    -24
2.73    -16
2.72    -26
2.71    -20
2.7     -28
2.69    -20
2.68    -24
2.67    -20
2.66    -20
2.65    -24
2.64    -16
2.63    -24
2.62    -26
2.61    -12
2.6     -8
2.59    -22
2.58    -16
2.57    -14
2.56    -24
2.55    -26
2.54    -26
2.53    -20
2.52    -26
2.51    -20
2.5     -24
2.49    -24
2.48    -18
2.47    -22
2.46    -30
2.45    -18
2.44    -14
2.43    -22
2.42    -16
2.41    -22
2.4     -24
2.39    -36
2.38    -18
2.37    -30
2.36    -22
2.35    -38
2.34    -30
2.33    -26
2.32    -14
2.31    -28
2.3     -24
2.29    -28
2.28    -26
2.27    -30
2.26    -36
2.25    -32
2.24    -24
2.23    -28
2.22    -26
2.21    -22
2.2     -32
2.19    -24
2.18    -30
2.17    -10
2.16    -16
2.15    -18
2.14    -16
2.13    -22
2.12    -26
2.11    -26
2.1     -24
2.09    -26
2.08    -30
2.07    -24
2.06    -18
2.05    -28
2.04    -32
2.03    -30
2.02    -20
2.01    -26
2       -30
1.99    -22
1.98    -16
1.97    -20
1.96    -30
1.95    -34
1.94    -26
1.93    -20
1.92    -30
1.91    -36
1.9     -28
1.89    -36
1.88    -30
1.87    -28
1.86    -36
1.85    -16
1.84    -30
1.83    -34
1.82    -30
1.81    -34
1.8     -24
1.79    -34
1.78    -22
1.77    -36
1.76    -26
1.75    -30
1.74    -32
1.73    -32
1.72    -32
1.71    -34
1.7     -32
1.69    -28
1.68    -36
1.67    -22
1.66    -30
1.65    -34
1.64    -34
1.63    -32
1.62    -26
1.61    -34
1.6     -34
1.59    -32
1.58    -22
1.57    -26
1.56    -26
1.55    -24
1.54    -34
1.53    -32
1.52    -28
1.51    -36
1.5     -22
1.49    -32
1.48    -32
1.47    -36
1.46    -40
1.45    -28
1.44    -32
1.43    -32
1.42    -30
1.41    -26
1.4     -34
1.39    -22
1.38    -26
1.37    -40
1.36    -34
1.35    -34
1.34    -32
1.33    -42
1.32    -18
1.31    -34
1.3     -32
1.29    -34
1.28    -34
1.27    -36
1.26    -32
1.25    -28
1.24    -32
1.23    -42
1.22    -38
1.21    -36
1.2     -36
1.19    -36
1.18    -34
1.17    -42
1.16    -36
1.15    -40
1.14    -36
1.13    -38
1.12    -36
1.11    -40
1.1     -40
1.09    -28
1.08    -40
1.07    -22
1.06    -30
1.05    -42
1.04    -42
1.03    -40
1.02    -32
1.01    -40
1       -40
0.99    -40
0.98    -36
0.97    -36
0.96    -42
0.95    -36
0.94    -40
0.93    -42
0.92    -40
0.91    -38
0.9     -40
0.89    -32
0.88    -42
0.87    -38
0.86    -40
0.85    -42
0.84    -42
0.83    -32
0.82    -36
0.81    -36
0.8     -40
0.79    -42
0.78    -40
0.77    -40
0.76    -40
0.75    -34
0.74    -36
0.73    -38
0.72    -38
0.71    -40
0.7     -40
0.69    -42
0.68    -42
0.67    -42
0.66    -40
0.65    -42
0.64    -38
0.63    -42
0.62    -42
0.61    -42
0.6     -38
0.59    -38
0.58    -40
0.57    -42
0.56    -42
0.55    -42
0.54    -38
0.53    -42
0.52    -42
0.51    -42
0.5     -42
0.49    -42
0.48    -42
0.47    -42
0.46    -42
0.45    -42
0.44    -42
0.43    -42
0.42    -42
0.41    -42
0.4     -42
0.39    -42
0.38    -42
0.37    -42
0.36    -42
0.35    -42
0.34    -42
0.33    -42
0.32    -42
0.31    -42
0.3     -42
0.29    -42
0.28    -42
0.27    -42
0.26    -42
0.25    -42
0.24    -42
0.23    -42
0.22    -42
0.21    -42
0.2     -42
0.19    -42
0.18    -42
0.17    -42
0.16    -42
0.15    -42
0.14    -42
0.13    -42
0.12    -42
0.11    -42
0.1     -42
0.09    -42
0.08    -42
0.07    -42
0.06    -42
0.05    -42
0.04    -42
0.03    -42
0.02    -42
0.01    -42
6.23078e-014    -42