8
3875
0
1
3 -76 -20
25 -76 -18
100 -76 -16
259 -76 -14
495 -76 -12
746 -76 -10
929 -76 -8
1008 -76 -6
1006 -76 -4
970 -76 -2
950 -76 0
970 -76 2
1006 -76 4
1008 -76 6
929 -76 8
746 -76 10
495 -76 12
259 -76 14
100 -76 16
25 -76 18
3 -76 20
12 -74 -22
102 -74 -20
438 -74 -18
1300 -74 -16
3007 -74 -14
5735 -74 -12
9336 -74 -10
13267 -74 -8
16799 -74 -6
19421 -74 -4
20956 -74 -2
21446 -74 0
20956 -74 2
19421 -74 4
16799 -74 6
13267 -74 8
9336 -74 10
5735 -74 12
3007 -74 14
1300 -74 16
438 -74 18
102 -74 20
12 -74 22
3 -72 -26
49 -72 -24
315 -72 -22
1318 -72 -20
4261 -72 -18
11309 -72 -16
25421 -72 -14
49204 -72 -12
82916 -72 -10
123333 -72 -8
164276 -72 -6
198879 -72 -4
222005 -72 -2
230210 -72 0
222005 -72 2
198879 -72 4
164276 -72 6
123333 -72 8
82916 -72 10
49204 -72 12
25421 -72 14
11309 -72 16
4261 -72 18
1318 -72 20
315 -72 22
49 -72 24
3 -72 26
15 -70 -28
193 -70 -26
1203 -70 -24
5091 -70 -22
16593 -70 -20
44654 -70 -18
103289 -70 -16
209774 -70 -14
378969 -70 -12
614276 -70 -10
899429 -70 -8
1198204 -70 -6
1462387 -70 -4
1643985 -70 -2
1708584 -70 0
1643985 -70 2
1462387 -70 4
1198204 -70 6
899429 -70 8
614276 -70 10
378969 -70 12
209774 -70 14
103289 -70 16
44654 -70 18
16593 -70 20
5091 -70 22
1203 -70 24
193 -70 26
15 -70 28
1 -68 -32
60 -68 -30
581 -68 -28
3247 -68 -26
13443 -68 -24
45210 -68 -22
128815 -68 -20
318141 -68 -18
693431 -68 -16
1350469 -68 -14
2368974 -68 -12
3767596 -68 -10
5460801 -68 -8
7246910 -68 -6
8841333 -68 -4
9946223 -68 -2
10340950 -68 0
9946223 -68 2
8841333 -68 4
7246910 -68 6
5460801 -68 8
3767596 -68 10
2368974 -68 12
1350469 -68 14
693431 -68 16
318141 -68 18
128815 -68 20
45210 -68 22
13443 -68 24
3247 -68 26
581 -68 28
60 -68 30
1 -68 32
8 -66 -34
151 -66 -32
1239 -66 -30
7035 -66 -28
30905 -66 -26
110520 -66 -24
333260 -66 -22
870271 -66 -20
2006537 -66 -18
4140498 -66 -16
7725498 -66 -14
13124871 -66 -12
20397801 -66 -10
29106762 -66 -8
38240729 -66 -6
46362744 -66 -4
51985454 -66 -2
53997158 -66 0
51985454 -66 2
46362744 -66 4
38240729 -66 6
29106762 -66 8
20397801 -66 10
13124871 -66 12
7725498 -66 14
4140498 -66 16
2006537 -66 18
870271 -66 20
333260 -66 22
110520 -66 24
30905 -66 26
7035 -66 28
1239 -66 30
151 -66 32
8 -66 34
18 -64 -36
257 -64 -34
2027 -64 -32
11773 -64 -30
54566 -64 -28
209781 -64 -26
683707 -64 -24
1925344 -64 -22
4767634 -64 -20
10541272 -64 -18
21044690 -64 -16
38234317 -64 -14
63590356 -64 -12
97228274 -64 -10
137086381 -64 -8
178654955 -64 -6
215582702 -64 -4
241179121 -64 -2
250346146 -64 0
241179121 -64 2
215582702 -64 4
178654955 -64 6
137086381 -64 8
97228274 -64 10
63590356 -64 12
38234317 -64 14
21044690 -64 16
10541272 -64 18
4767634 -64 20
1925344 -64 22
683707 -64 24
209781 -64 26
54566 -64 28
11773 -64 30
2027 -64 32
257 -64 34
18 -64 36
15 -62 -38
224 -62 -36
2107 -62 -34
14478 -62 -32
77051 -62 -30
330473 -62 -28
1181672 -62 -26
3620334 -62 -24
9701370 -62 -22
23097610 -62 -20
49448442 -62 -18
96093589 -62 -16
170727419 -62 -14
278800470 -62 -12
420127359 -62 -10
585817386 -62 -8
757350677 -62 -6
909085567 -62 -4
1014066807 -62 -2
1051645576 -62 0
1014066807 -62 2
909085567 -62 4
757350677 -62 6
585817386 -62 8
420127359 -62 10
278800470 -62 12
170727419 -62 14
96093589 -62 16
49448442 -62 18
23097610 -62 20
9701370 -62 22
3620334 -62 24
1181672 -62 26
330473 -62 28
77051 -62 30
14478 -62 32
2107 -62 34
224 -62 36
15 -62 38
12 -60 -40
203 -60 -38
2086 -60 -36
15491 -60 -34
90128 -60 -32
426283 -60 -30
1683890 -60 -28
5675229 -60 -26
16622379 -60 -24
42974855 -60 -22
99362089 -60 -20
207622679 -60 -18
395364654 -60 -16
690620780 -60 -14
1112059337 -60 -12
1656670417 -60 -10
2289274977 -60 -8
2939590382 -60 -6
3511724162 -60 -4
3906054913 -60 -2
4046933304 -60 0
3906054913 -60 2
3511724162 -60 4
2939590382 -60 6
2289274977 -60 8
1656670417 -60 10
1112059337 -60 12
690620780 -60 14
395364654 -60 16
207622679 -60 18
99362089 -60 20
42974855 -60 22
16622379 -60 24
5675229 -60 26
1683890 -60 28
426283 -60 30
90128 -60 32
15491 -60 34
2086 -60 36
203 -60 38
12 -60 40
2 -58 -42
77 -58 -40
1214 -58 -38
11827 -58 -36
82966 -58 -34
452310 -58 -32
2011803 -58 -30
7532448 -58 -28
24281253 -58 -26
68590227 -58 -24
172217807 -58 -22
388753145 -58 -20
796377990 -58 -18
1491645684 -58 -16
2569563716 -58 -14
4089467051 -58 -12
6033232052 -58 -10
8271457863 -58 -8
10556608891 -58 -6
12556974228 -58 -4
13930977539 -58 -2
14420940746 -58 0
13930977539 -58 2
12556974228 -58 4
10556608891 -58 6
8271457863 -58 8
6033232052 -58 10
4089467051 -58 12
2569563716 -58 14
1491645684 -58 16
796377990 -58 18
388753145 -58 20
172217807 -58 22
68590227 -58 24
24281253 -58 26
7532448 -58 28
2011803 -58 30
452310 -58 32
82966 -58 34
11827 -58 36
1214 -58 38
77 -58 40
2 -58 42
39 -56 -42
729 -56 -40
8107 -56 -38
64830 -56 -36
402298 -56 -34
2021169 -56 -32
8465115 -56 -30
30249002 -56 -28
93968637 -56 -26
257665861 -56 -24
631519322 -56 -22
1397710237 -56 -20
2816753901 -56 -18
5203639514 -56 -16
8859731389 -56 -14
13960991939 -56 -12
20426295407 -56 -10
27814613163 -56 -8
35311098004 -56 -6
41842696952 -56 -4
46315380106 -56 -2
47907953858 -56 0
46315380106 -56 2
41842696952 -56 4
35311098004 -56 6
27814613163 -56 8
20426295407 -56 10
13960991939 -56 12
8859731389 -56 14
5203639514 -56 16
2816753901 -56 18
1397710237 -56 20
631519322 -56 22
257665861 -56 24
93968637 -56 26
30249002 -56 28
8465115 -56 30
2021169 -56 32
402298 -56 34
64830 -56 36
8107 -56 38
729 -56 40
39 -56 42
6 -54 -44
223 -54 -42
3798 -54 -40
39481 -54 -38
294518 -54 -36
1709705 -54 -34
8100410 -54 -32
32310582 -54 -30
110967206 -54 -28
333894180 -54 -26
892388422 -54 -24
2142174309 -54 -22
4661052099 -54 -20
9261392737 -54 -18
16907240502 -54 -16
28498223439 -54 -14
44525606690 -54 -12
64680431210 -54 -10
87561193387 -54 -8
110652282476 -54 -6
130687423089 -54 -4
144368047734 -54 -2
149232471898 -54 0
144368047734 -54 2
130687423089 -54 4
110652282476 -54 6
87561193387 -54 8
64680431210 -54 10
44525606690 -54 12
28498223439 -54 14
16907240502 -54 16
9261392737 -54 18
4661052099 -54 20
2142174309 -54 22
892388422 -54 24
333894180 -54 26
110967206 -54 28
32310582 -54 30
8100410 -54 32
1709705 -54 34
294518 -54 36
39481 -54 38
3798 -54 40
223 -54 42
6 -54 44
75 -52 -44
1696 -52 -42
21084 -52 -40
183698 -52 -38
1228780 -52 -36
6619689 -52 -34
29655563 -52 -32
113230156 -52 -30
375611649 -52 -28
1099128920 -52 -26
2872343919 -52 -24
6770531302 -52 -22
14512723283 -52 -20
28480753972 -52 -18
51456300461 -52 -16
85975833022 -52 -14
133337346123 -52 -12
192495260000 -52 -10
259269346645 -52 -8
326341239190 -52 -6
384327635866 -52 -4
423825625395 -52 -2
437852281040 -52 0
423825625395 -52 2
384327635866 -52 4
326341239190 -52 6
259269346645 -52 8
192495260000 -52 10
133337346123 -52 12
85975833022 -52 14
51456300461 -52 16
28480753972 -52 18
14512723283 -52 20
6770531302 -52 22
2872343919 -52 24
1099128920 -52 26
375611649 -52 28
113230156 -52 30
29655563 -52 32
6619689 -52 34
1228780 -52 36
183698 -52 38
21084 -52 40
1696 -52 42
75 -52 44
10 -50 -46
466 -50 -44
8382 -50 -42
93100 -50 -40
744252 -50 -38
4627264 -50 -36
23459840 -50 -34
100096730 -50 -32
367605358 -50 -30
1182185532 -50 -28
3374491798 -50 -26
8643433870 -50 -24
20044690807 -50 -22
42397628147 -50 -20
82293708779 -50 -18
147324590356 -50 -16
244273662097 -50 -14
376401112676 -50 -12
540489761464 -50 -10
724801708052 -50 -8
909196280955 -50 -6
1068127800223 -50 -4
1176163826666 -50 -2
1214489927984 -50 0
1176163826666 -50 2
1068127800223 -50 4
909196280955 -50 6
724801708052 -50 8
540489761464 -50 10
376401112676 -50 12
244273662097 -50 14
147324590356 -50 16
82293708779 -50 18
42397628147 -50 20
20044690807 -50 22
8643433870 -50 24
3374491798 -50 26
1182185532 -50 28
367605358 -50 30
100096730 -50 32
23459840 -50 34
4627264 -50 36
744252 -50 38
93100 -50 40
8382 -50 42
466 -50 44
10 -50 46
125 -48 -46
3048 -48 -44
41111 -48 -42
386204 -48 -40
2773551 -48 -38
16004177 -48 -36
76731383 -48 -34
313423016 -48 -32
1111908040 -48 -30
3478086299 -48 -28
9709454362 -48 -26
24427005074 -48 -24
55827629420 -48 -22
116687402313 -48 -20
224284140652 -48 -18
398275682665 -48 -16
655924243261 -48 -14
1005049291272 -48 -12
1436505344283 -48 -10
1919148423517 -48 -8
2400400216593 -48 -6
2814140691339 -48 -4
3094901306803 -48 -2
3194415318984 -48 0
3094901306803 -48 2
2814140691339 -48 4
2400400216593 -48 6
1919148423517 -48 8
1436505344283 -48 10
1005049291272 -48 12
655924243261 -48 14
398275682665 -48 16
224284140652 -48 18
116687402313 -48 20
55827629420 -48 22
24427005074 -48 24
9709454362 -48 26
3478086299 -48 28
1111908040 -48 30
313423016 -48 32
76731383 -48 34
16004177 -48 36
2773551 -48 38
386204 -48 40
41111 -48 42
3048 -48 44
125 -48 46
15 -46 -48
727 -46 -46
13955 -46 -44
165651 -46 -42
1415008 -46 -40
9407730 -46 -38
51029474 -46 -36
232944311 -46 -34
915122573 -46 -32
3147284183 -46 -30
9603558757 -46 -28
26279719436 -46 -26
65058318418 -46 -24
146762438899 -46 -22
303509189397 -46 -20
578317745286 -46 -18
1019628043312 -46 -16
1669340024033 -46 -14
2545436738349 -46 -12
3623692687136 -46 -10
4825757567080 -46 -8
6021074751976 -46 -6
7046571719480 -46 -4
7741484551008 -46 -2
7987618009116 -46 0
7741484551008 -46 2
7046571719480 -46 4
6021074751976 -46 6
4825757567080 -46 8
3623692687136 -46 10
2545436738349 -46 12
1669340024033 -46 14
1019628043312 -46 16
578317745286 -46 18
303509189397 -46 20
146762438899 -46 22
65058318418 -46 24
26279719436 -46 26
9603558757 -46 28
3147284183 -46 30
915122573 -46 32
232944311 -46 34
51029474 -46 36
9407730 -46 38
1415008 -46 40
165651 -46 42
13955 -46 44
727 -46 46
15 -46 48
162 -44 -48
4185 -44 -46
60664 -44 -44
614094 -44 -42
4741711 -44 -40
29343967 -44 -38
150672541 -44 -36
658713384 -44 -34
2500334978 -44 -32
8365508688 -44 -30
24967628167 -44 -28
67116025710 -44 -26
163778704436 -44 -24
365181550583 -44 -22
748093279626 -44 -20
1414502264834 -44 -18
2478260603868 -44 -16
4036598422206 -44 -14
6129283358439 -44 -12
8696104078461 -44 -10
11549700013538 -44 -8
14381002127787 -44 -6
16806021930083 -44 -4
18447475718133 -44 -2
19028543930038 -44 0
18447475718133 -44 2
16806021930083 -44 4
14381002127787 -44 6
11549700013538 -44 8
8696104078461 -44 10
6129283358439 -44 12
4036598422206 -44 14
2478260603868 -44 16
1414502264834 -44 18
748093279626 -44 20
365181550583 -44 22
163778704436 -44 24
67116025710 -44 26
24967628167 -44 28
8365508688 -44 30
2500334978 -44 32
658713384 -44 34
150672541 -44 36
29343967 -44 38
4741711 -44 40
614094 -44 42
60664 -44 44
4185 -44 46
162 -44 48
18 -42 -50
829 -42 -48
17266 -42 -46
221358 -42 -44
2035064 -42 -42
14537560 -42 -40
84611472 -42 -38
414013345 -42 -36
1742143231 -42 -34
6414188852 -42 -32
20942090536 -42 -30
61285471159 -42 -28
162149880405 -42 -26
390649447497 -42 -24
862074097221 -42 -22
1751289966295 -42 -20
3289007503036 -42 -18
5730943741027 -42 -16
9293238147259 -42 -14
14060699867810 -42 -12
19892111711323 -42 -10
26360618821993 -42 -8
32767413964025 -42 -6
38247781573693 -42 -4
41954179676640 -42 -2
43265668052156 -42 0
41954179676640 -42 2
38247781573693 -42 4
32767413964025 -42 6
26360618821993 -42 8
19892111711323 -42 10
14060699867810 -42 12
9293238147259 -42 14
5730943741027 -42 16
3289007503036 -42 18
1751289966295 -42 20
862074097221 -42 22
390649447497 -42 24
162149880405 -42 26
61285471159 -42 28
20942090536 -42 30
6414188852 -42 32
1742143231 -42 34
414013345 -42 36
84611472 -42 38
14537560 -42 40
2035064 -42 42
221358 -42 44
17266 -42 46
829 -42 48
18 -42 50
143 -40 -50
4192 -40 -48
66617 -40 -46
735098 -40 -44
6147643 -40 -42
41014839 -40 -40
226400142 -40 -38
1062248877 -40 -36
4322656375 -40 -34
15492963385 -40 -32
49502180246 -40 -30
142363280824 -40 -28
371412395085 -40 -26
884726696245 -40 -24
1934661398429 -40 -22
3901485210403 -40 -20
7284064833063 -40 -18
12632197743686 -40 -16
20406840107879 -40 -14
30782820728997 -40 -12
43446381136876 -40 -10
57469133879009 -40 -8
71339694156621 -40 -6
83193131732037 -40 -4
91204616889941 -40 -2
94038551282328 -40 0
91204616889941 -40 2
83193131732037 -40 4
71339694156621 -40 6
57469133879009 -40 8
43446381136876 -40 10
30782820728997 -40 12
20406840107879 -40 14
12632197743686 -40 16
7284064833063 -40 18
3901485210403 -40 20
1934661398429 -40 22
884726696245 -40 24
371412395085 -40 26
142363280824 -40 28
49502180246 -40 30
15492963385 -40 32
4322656375 -40 34
1062248877 -40 36
226400142 -40 38
41014839 -40 40
6147643 -40 42
735098 -40 44
66617 -40 46
4192 -40 48
143 -40 50
14 -38 -52
674 -38 -50
15507 -38 -48
219394 -38 -46
2203413 -38 -44
17071290 -38 -42
107263763 -38 -40
565001602 -38 -38
2554557902 -38 -36
10092747614 -38 -34
35327061208 -38 -32
110743060486 -38 -30
313631652047 -38 -28
808175752856 -38 -26
1906062599669 -38 -24
4134915677631 -38 -22
8285510763548 -38 -20
15390542303982 -38 -18
26583156013937 -38 -16
42807602030994 -38 -14
64412697470578 -38 -12
90736051064033 -38 -10
119846851617790 -38 -8
148613966580732 -38 -6
173180825324054 -38 -4
189777769420372 -38 -2
195647428776460 -38 0
189777769420372 -38 2
173180825324054 -38 4
148613966580732 -38 6
119846851617790 -38 8
90736051064033 -38 10
64412697470578 -38 12
42807602030994 -38 14
26583156013937 -38 16
15390542303982 -38 18
8285510763548 -38 20
4134915677631 -38 22
1906062599669 -38 24
808175752856 -38 26
313631652047 -38 28
110743060486 -38 30
35327061208 -38 32
10092747614 -38 34
2554557902 -38 36
565001602 -38 38
107263763 -38 40
17071290 -38 42
2203413 -38 44
219394 -38 46
15507 -38 48
674 -38 50
14 -38 52
80 -36 -52
2957 -36 -50
53782 -36 -48
658978 -36 -46
6034700 -36 -44
43742761 -36 -42
261034883 -36 -40
1319853241 -36 -38
5776423519 -36 -36
22235852948 -36 -34
76223881540 -36 -32
234971856494 -36 -30
656536790023 -36 -28
1673546010106 -36 -26
3912893685338 -36 -24
8429842056724 -36 -22
16799094103922 -36 -20
31069891064915 -36 -18
53483592554438 -36 -16
85899991170317 -36 -14
128993321108010 -36 -12
181431365118141 -36 -10
239368890870610 -36 -8
296585043783005 -36 -6
345425460995766 -36 -4
378412132596901 -36 -2
390076633690634 -36 0
378412132596901 -36 2
345425460995766 -36 4
296585043783005 -36 6
239368890870610 -36 8
181431365118141 -36 10
128993321108010 -36 12
85899991170317 -36 14
53483592554438 -36 16
31069891064915 -36 18
16799094103922 -36 20
8429842056724 -36 22
3912893685338 -36 24
1673546010106 -36 26
656536790023 -36 28
234971856494 -36 30
76223881540 -36 32
22235852948 -36 34
5776423519 -36 36
1319853241 -36 38
261034883 -36 40
43742761 -36 42
6034700 -36 44
658978 -36 46
53782 -36 48
2957 -36 50
80 -36 52
6 -34 -54
387 -34 -52
10102 -34 -50
161318 -34 -48
1798030 -34 -46
15263573 -34 -44
104242103 -34 -42
593959599 -34 -40
2896344138 -34 -38
12317355935 -34 -36
46341260666 -34 -34
155966699217 -34 -32
473762261795 -34 -30
1308203505217 -34 -28
3303333833770 -34 -26
7665622606172 -34 -24
16416654512456 -34 -22
32562826015787 -34 -20
60006447280422 -34 -18
103006532377145 -34 -16
165087873017659 -34 -14
247513634397762 -34 -12
347725768084237 -34 -10
458382338328219 -34 -8
567618904754452 -34 -6
660842269733219 -34 -4
723796461327000 -34 -2
746056456646572 -34 0
723796461327000 -34 2
660842269733219 -34 4
567618904754452 -34 6
458382338328219 -34 8
347725768084237 -34 10
247513634397762 -34 12
165087873017659 -34 14
103006532377145 -34 16
60006447280422 -34 18
32562826015787 -34 20
16416654512456 -34 22
7665622606172 -34 24
3303333833770 -34 26
1308203505217 -34 28
473762261795 -34 30
155966699217 -34 32
46341260666 -34 34
12317355935 -34 36
2896344138 -34 38
593959599 -34 40
104242103 -34 42
15263573 -34 44
1798030 -34 46
161318 -34 48
10102 -34 50
387 -34 52
6 -34 54
28 -32 -54
1451 -32 -52
31847 -32 -50
443276 -32 -48
4502405 -32 -46
35734670 -32 -44
231768792 -32 -42
1268114455 -32 -40
5989439477 -32 -38
24834183863 -32 -36
91565500807 -32 -34
303243516658 -32 -32
909328433077 -32 -30
2485234551142 -32 -28
6224339453224 -32 -26
14351046202984 -32 -24
30579080799534 -32 -22
60417163382232 -32 -20
111003134031864 -32 -18
190117989473621 -32 -16
304193853086705 -32 -14
455524210146080 -32 -12
639411508085285 -32 -10
842401529042564 -32 -8
1042754833167448 -32 -6
1213726231175346 -32 -4
1329181554199899 -32 -2
1370005314576324 -32 0
1329181554199899 -32 2
1213726231175346 -32 4
1042754833167448 -32 6
842401529042564 -32 8
639411508085285 -32 10
455524210146080 -32 12
304193853086705 -32 14
190117989473621 -32 16
111003134031864 -32 18
60417163382232 -32 20
30579080799534 -32 22
14351046202984 -32 24
6224339453224 -32 26
2485234551142 -32 28
909328433077 -32 30
303243516658 -32 32
91565500807 -32 34
24834183863 -32 36
5989439477 -32 38
1268114455 -32 40
231768792 -32 42
35734670 -32 44
4502405 -32 46
443276 -32 48
31847 -32 50
1451 -32 52
28 -32 54
1 -30 -56
153 -30 -54
4792 -30 -52
88597 -30 -50
1112997 -30 -48
10445732 -30 -46
78002273 -30 -44
482890409 -30 -42
2548736093 -30 -40
11702833770 -30 -38
47452627988 -30 -36
171882897286 -30 -34
561248479616 -30 -32
1664184788391 -30 -30
4507921378112 -30 -28
11211142933494 -30 -26
25707159223931 -30 -24
54544487654497 -30 -22
107419344075423 -30 -20
196882784954315 -30 -18
336611470752908 -30 -16
537912202907283 -30 -14
804819253126121 -30 -12
1129070214739344 -30 -10
1486980799316629 -30 -8
1840253552328249 -30 -6
2141740810453135 -30 -4
2345347038646788 -30 -2
2417343201636578 -30 0
2345347038646788 -30 2
2141740810453135 -30 4
1840253552328249 -30 6
1486980799316629 -30 8
1129070214739344 -30 10
804819253126121 -30 12
537912202907283 -30 14
336611470752908 -30 16
196882784954315 -30 18
107419344075423 -30 20
54544487654497 -30 22
25707159223931 -30 24
11211142933494 -30 26
4507921378112 -30 28
1664184788391 -30 30
561248479616 -30 32
171882897286 -30 34
47452627988 -30 36
11702833770 -30 38
2548736093 -30 40
482890409 -30 42
78002273 -30 44
10445732 -30 46
1112997 -30 48
88597 -30 50
4792 -30 52
153 -30 54
1 -30 56
7 -28 -56
496 -28 -54
13898 -28 -52
225611 -28 -50
2571131 -28 -48
22479824 -28 -46
159155957 -28 -44
945789803 -28 -42
4836001200 -28 -40
21658727150 -28 -38
86111976387 -28 -36
307098094750 -28 -34
990472907539 -28 -32
2908386056180 -28 -30
7817949443757 -28 -28
19326983481924 -28 -26
44112343467475 -28 -24
93267688280026 -28 -22
183200519600668 -28 -20
335141269125352 -28 -18
572231187794118 -28 -16
913623705739015 -28 -14
1366190170130404 -28 -12
1915993397472772 -28 -10
2522950955455779 -28 -8
3122156613917811 -28 -6
3633623102497105 -28 -4
3979088265905094 -28 -2
4101256372829006 -28 0
3979088265905094 -28 2
3633623102497105 -28 4
3122156613917811 -28 6
2522950955455779 -28 8
1915993397472772 -28 10
1366190170130404 -28 12
913623705739015 -28 14
572231187794118 -28 16
335141269125352 -28 18
183200519600668 -28 20
93267688280026 -28 22
44112343467475 -28 24
19326983481924 -28 26
7817949443757 -28 28
2908386056180 -28 30
990472907539 -28 32
307098094750 -28 34
86111976387 -28 36
21658727150 -28 38
4836001200 -28 40
945789803 -28 42
159155957 -28 44
22479824 -28 46
2571131 -28 48
225611 -28 50
13898 -28 52
496 -28 54
7 -28 56
37 -26 -56
1661 -26 -54
36807 -26 -52
526847 -26 -50
5499834 -26 -48
45120631 -26 -46
304676801 -26 -44
1746394196 -26 -42
8683238247 -26 -40
38047850106 -26 -38
148690390180 -26 -36
523115124458 -26 -34
1669210164372 -26 -32
4860352740629 -26 -30
12979577373558 -26 -28
31925304418290 -26 -26
72587627384187 -26 -24
153035687903815 -26 -22
299979162892264 -26 -20
547984615767968 -26 -18
934762661797607 -26 -16
1491587761325760 -26 -14
2229784490021477 -26 -12
3126782015817725 -26 -10
4117322644102371 -26 -8
5095522496131025 -26 -6
5930725392481873 -26 -4
6494974096782341 -26 -2
6694533671691674 -26 0
6494974096782341 -26 2
5930725392481873 -26 4
5095522496131025 -26 6
4117322644102371 -26 8
3126782015817725 -26 10
2229784490021477 -26 12
1491587761325760 -26 14
934762661797607 -26 16
547984615767968 -26 18
299979162892264 -26 20
153035687903815 -26 22
72587627384187 -26 24
31925304418290 -26 26
12979577373558 -26 28
4860352740629 -26 30
1669210164372 -26 32
523115124458 -26 34
148690390180 -26 36
38047850106 -26 38
8683238247 -26 40
1746394196 -26 42
304676801 -26 44
45120631 -26 46
5499834 -26 48
526847 -26 50
36807 -26 52
1661 -26 54
37 -26 56
1 -24 -58
119 -24 -56
4488 -24 -54
87196 -24 -52
1126691 -24 -50
10917107 -24 -48
84739245 -24 -46
548887035 -24 -44
3047950107 -24 -42
14787436868 -24 -40
63566650973 -24 -38
244718481567 -24 -36
850869842169 -24 -34
2690087064920 -24 -32
7776751575667 -24 -30
20652854732254 -24 -28
50584976890526 -24 -26
114652621284389 -24 -24
241171522163432 -24 -22
471995603375873 -24 -20
861323834909773 -24 -18
1468364479398143 -24 -16
2342351600887042 -24 -14
3501331260918824 -24 -12
4910176816026064 -24 -10
6466617863842585 -24 -8
8004312521622417 -24 -6
9317689849453083 -24 -4
10205213981963905 -24 -2
10519149893140274 -24 0
10205213981963905 -24 2
9317689849453083 -24 4
8004312521622417 -24 6
6466617863842585 -24 8
4910176816026064 -24 10
3501331260918824 -24 12
2342351600887042 -24 14
1468364479398143 -24 16
861323834909773 -24 18
471995603375873 -24 20
241171522163432 -24 22
114652621284389 -24 24
50584976890526 -24 26
20652854732254 -24 28
7776751575667 -24 30
2690087064920 -24 32
850869842169 -24 34
244718481567 -24 36
63566650973 -24 38
14787436868 -24 40
3047950107 -24 42
548887035 -24 44
84739245 -24 46
10917107 -24 48
1126691 -24 50
87196 -24 52
4488 -24 54
119 -24 56
1 -24 58
4 -22 -58
421 -22 -56
11596 -22 -54
190654 -22 -52
2228328 -22 -50
20188115 -22 -48
149319077 -22 -46
932876145 -22 -44
5039135488 -22 -42
23931998300 -22 -40
101181652818 -22 -38
384505054254 -22 -36
1323404937619 -22 -34
4151132668758 -22 -32
11927512718499 -22 -30
31529202579790 -22 -28
76956542325135 -22 -26
173984706447539 -22 -24
365331647655280 -22 -22
714161385267826 -22 -20
1302348749101436 -22 -18
2219488431212187 -22 -16
3540319369908450 -22 -14
5292628113780796 -22 -12
7423835379104149 -22 -10
9779582697935298 -22 -8
12108114965864634 -22 -6
14097783941213531 -22 -4
15442712156020567 -22 -2
15918514197138932 -22 0
15442712156020567 -22 2
14097783941213531 -22 4
12108114965864634 -22 6
9779582697935298 -22 8
7423835379104149 -22 10
5292628113780796 -22 12
3540319369908450 -22 14
2219488431212187 -22 16
1302348749101436 -22 18
714161385267826 -22 20
365331647655280 -22 22
173984706447539 -22 24
76956542325135 -22 26
31529202579790 -22 28
11927512718499 -22 30
4151132668758 -22 32
1323404937619 -22 34
384505054254 -22 36
101181652818 -22 38
23931998300 -22 40
5039135488 -22 42
932876145 -22 44
149319077 -22 46
20188115 -22 48
2228328 -22 50
190654 -22 52
11596 -22 54
421 -22 56
4 -22 58
23 -20 -58
1072 -20 -56
25466 -20 -54
377777 -20 -52
4085251 -20 -50
34936618 -20 -48
247703271 -20 -46
1499542123 -20 -44
7908843022 -20 -42
36875908833 -20 -40
153695065578 -20 -38
577597481182 -20 -36
1970865406186 -20 -34
6140804479061 -20 -32
17554479970766 -20 -30
46225626942673 -20 -28
112510656904554 -20 -26
253861924626391 -20 -24
532354169726555 -20 -22
1039834811288700 -20 -20
1895508809421077 -20 -18
3230078470770617 -20 -16
5152960686021219 -20 -14
7705470377751456 -20 -12
10811853122588412 -20 -10
14247635346985955 -20 -8
17645608563408472 -20 -6
20550398720850881 -20 -4
22514534168659332 -20 -2
23209510442747210 -20 0
22514534168659332 -20 2
20550398720850881 -20 4
17645608563408472 -20 6
14247635346985955 -20 8
10811853122588412 -20 10
7705470377751456 -20 12
5152960686021219 -20 14
3230078470770617 -20 16
1895508809421077 -20 18
1039834811288700 -20 20
532354169726555 -20 22
253861924626391 -20 24
112510656904554 -20 26
46225626942673 -20 28
17554479970766 -20 30
6140804479061 -20 32
1970865406186 -20 34
577597481182 -20 36
153695065578 -20 38
36875908833 -20 40
7908843022 -20 42
1499542123 -20 44
247703271 -20 46
34936618 -20 48
4085251 -20 50
377777 -20 52
25466 -20 54
1072 -20 56
23 -20 58
69 -18 -58
2690 -18 -56
52248 -18 -54
691361 -18 -52
6959625 -18 -50
56673784 -18 -48
387706084 -18 -46
2284926152 -18 -44
11807030693 -18 -42
54191925391 -18 -40
223131231162 -18 -38
830659379869 -18 -36
2813726868218 -18 -34
8717998232857 -18 -32
24816509507624 -18 -30
65144445272503 -18 -28
158204293136935 -18 -26
356422264141073 -18 -24
746723442470101 -18 -22
1457843434764529 -18 -20
2657106821754539 -18 -18
4528372991533394 -18 -16
7226138231444552 -18 -14
10809688120379111 -18 -12
15173896499261361 -18 -10
20004115005557236 -18 -8
24784004841351073 -18 -6
28872086751111599 -18 -4
31637251649114428 -18 -2
32615826286594326 -18 0
31637251649114428 -18 2
28872086751111599 -18 4
24784004841351073 -18 6
20004115005557236 -18 8
15173896499261361 -18 10
10809688120379111 -18 12
7226138231444552 -18 14
4528372991533394 -18 16
2657106821754539 -18 18
1457843434764529 -18 20
746723442470101 -18 22
356422264141073 -18 24
158204293136935 -18 26
65144445272503 -18 28
24816509507624 -18 30
8717998232857 -18 32
2813726868218 -18 34
830659379869 -18 36
223131231162 -18 38
54191925391 -18 40
11807030693 -18 42
2284926152 -18 44
387706084 -18 46
56673784 -18 48
6959625 -18 50
691361 -18 52
52248 -18 54
2690 -18 56
69 -18 58
3 -16 -60
188 -16 -58
5592 -16 -56
96253 -16 -54
1169292 -16 -52
11085486 -16 -50
86527692 -16 -48
574088972 -16 -46
3307207230 -16 -44
16796675313 -16 -42
76076259147 -16 -40
310039813858 -16 -38
1145081681145 -16 -36
3855219956888 -16 -34
11889785345693 -16 -32
33728658545592 -16 -30
88318212084496 -16 -28
214111413060048 -16 -26
481841003002563 -16 -24
1008856760536533 -16 -22
1969144350646334 -16 -20
3589201964505296 -16 -18
6118472085611601 -16 -16
9767369502340094 -16 -14
14617957420310861 -16 -12
20529632474483017 -16 -10
27077129035159649 -16 -8
33560355164929702 -16 -6
39107945865005455 -16 -4
42861589710998392 -16 -2
44190212061447358 -16 0
42861589710998392 -16 2
39107945865005455 -16 4
33560355164929702 -16 6
27077129035159649 -16 8
20529632474483017 -16 10
14617957420310861 -16 12
9767369502340094 -16 14
6118472085611601 -16 16
3589201964505296 -16 18
1969144350646334 -16 20
1008856760536533 -16 22
481841003002563 -16 24
214111413060048 -16 26
88318212084496 -16 28
33728658545592 -16 30
11889785345693 -16 32
3855219956888 -16 34
1145081681145 -16 36
310039813858 -16 38
76076259147 -16 40
16796675313 -16 42
3307207230 -16 44
574088972 -16 46
86527692 -16 48
11085486 -16 50
1169292 -16 52
96253 -16 54
5592 -16 56
188 -16 58
3 -16 60
5 -14 -60
444 -14 -58
10701 -14 -56
162451 -14 -54
1831137 -14 -52
16529658 -14 -50
124621889 -14 -48
806097542 -14 -46
4556306151 -14 -44
22809074076 -14 -42
102170524977 -14 -40
412849211569 -14 -38
1514823133916 -14 -36
5074588183160 -14 -34
15591630578395 -14 -32
44108020777634 -14 -30
115271327002371 -14 -28
279092193696536 -14 -26
627590605606155 -14 -24
1313552470088115 -14 -22
2563776398103881 -14 -20
4674002262957223 -14 -18
7970671001128470 -14 -16
12730205832086281 -14 -14
19062132596149620 -14 -12
26785102814994186 -14 -10
35344750142886785 -14 -8
43825553055107907 -14 -6
51085955789047851 -14 -4
56000183249692394 -14 -2
57739899603453744 -14 0
56000183249692394 -14 2
51085955789047851 -14 4
43825553055107907 -14 6
35344750142886785 -14 8
26785102814994186 -14 10
19062132596149620 -14 12
12730205832086281 -14 14
7970671001128470 -14 16
4674002262957223 -14 18
2563776398103881 -14 20
1313552470088115 -14 22
627590605606155 -14 24
279092193696536 -14 26
115271327002371 -14 28
44108020777634 -14 30
15591630578395 -14 32
5074588183160 -14 34
1514823133916 -14 36
412849211569 -14 38
102170524977 -14 40
22809074076 -14 42
4556306151 -14 44
806097542 -14 46
124621889 -14 48
16529658 -14 50
1831137 -14 52
162451 -14 54
10701 -14 56
444 -14 58
5 -14 60
27 -12 -60
928 -12 -58
18407 -12 -56
252271 -12 -54
2673434 -12 -52
23168464 -12 -50
169773605 -12 -48
1075536559 -12 -46
5985487270 -12 -44
29611655958 -12 -42
131445874974 -12 -40
527460279101 -12 -38
1925074233479 -12 -36
6422968535118 -12 -34
19675522348448 -12 -32
55541306611159 -12 -30
144936685433329 -12 -28
350591346770277 -12 -26
787983273799742 -12 -24
1649017121942460 -12 -22
3218919649117432 -12 -20
5870235596483689 -12 -18
10015103267974681 -12 -16
16003807265125195 -12 -14
23977238814149441 -12 -12
33709714126965975 -12 -10
44504051132710152 -12 -8
55205324932915524 -12 -6
64370975735784164 -12 -4
70576791009486666 -12 -2
72774114162776558 -12 0
70576791009486666 -12 2
64370975735784164 -12 4
55205324932915524 -12 6
44504051132710152 -12 8
33709714126965975 -12 10
23977238814149441 -12 12
16003807265125195 -12 14
10015103267974681 -12 16
5870235596483689 -12 18
3218919649117432 -12 20
1649017121942460 -12 22
787983273799742 -12 24
350591346770277 -12 26
144936685433329 -12 28
55541306611159 -12 30
19675522348448 -12 32
6422968535118 -12 34
1925074233479 -12 36
527460279101 -12 38
131445874974 -12 40
29611655958 -12 42
5985487270 -12 44
1075536559 -12 46
169773605 -12 48
23168464 -12 50
2673434 -12 52
252271 -12 54
18407 -12 56
928 -12 58
27 -12 60
47 -10 -60
1580 -10 -58
28202 -10 -56
360944 -10 -54
3649794 -10 -52
30619763 -10 -50
219297038 -10 -48
1366375224 -10 -46
7510073293 -10 -44
36804422199 -10 -42
162194990230 -10 -40
647247329750 -10 -38
2352317864618 -10 -36
7823680396914 -10 -34
23910962922350 -10 -32
67387651966144 -10 -30
175662018942764 -10 -28
424649932443533 -10 -26
954186123202823 -10 -24
1996869621619352 -10 -22
3898844792670706 -10 -20
7112946600947325 -10 -18
12141200676381928 -10 -16
19411777486995927 -10 -14
29099300297537076 -10 -12
40932639199981151 -10 -10
54065727271846361 -10 -8
67092928118552519 -10 -6
78255686063424134 -10 -4
85815998484403755 -10 -2
88493331547169432 -10 0
85815998484403755 -10 2
78255686063424134 -10 4
67092928118552519 -10 6
54065727271846361 -10 8
40932639199981151 -10 10
29099300297537076 -10 12
19411777486995927 -10 14
12141200676381928 -10 16
7112946600947325 -10 18
3898844792670706 -10 20
1996869621619352 -10 22
954186123202823 -10 24
424649932443533 -10 26
175662018942764 -10 28
67387651966144 -10 30
23910962922350 -10 32
7823680396914 -10 34
2352317864618 -10 36
647247329750 -10 38
162194990230 -10 40
36804422199 -10 42
7510073293 -10 44
1366375224 -10 46
219297038 -10 48
30619763 -10 50
3649794 -10 52
360944 -10 54
28202 -10 56
1580 -10 58
47 -10 60
3 -8 -62
115 -8 -60
2567 -8 -58
39846 -8 -56
478455 -8 -54
4668745 -8 -52
38243583 -8 -50
269174154 -8 -48
1655749759 -8 -46
9013109809 -8 -44
43847824584 -8 -42
192157071225 -8 -40
763549992738 -8 -38
2766077365145 -8 -36
9177902016341 -8 -34
28001803248535 -8 -32
78824818319268 -8 -30
205327135902616 -8 -28
496181401750449 -8 -26
1114825818460001 -8 -24
2333374748577558 -8 -22
4557262612957386 -8 -20
8317680413533881 -8 -18
14204670339745870 -8 -16
22723071037964645 -8 -14
34081348965249018 -8 -12
47964907891559563 -8 -10
63382793761566957 -8 -8
78684281520850134 -8 -6
91801149440303140 -8 -4
100687418497859854 -8 -2
103834759732622120 -8 0
100687418497859854 -8 2
91801149440303140 -8 4
78684281520850134 -8 6
63382793761566957 -8 8
47964907891559563 -8 10
34081348965249018 -8 12
22723071037964645 -8 14
14204670339745870 -8 16
8317680413533881 -8 18
4557262612957386 -8 20
2333374748577558 -8 22
1114825818460001 -8 24
496181401750449 -8 26
205327135902616 -8 28
78824818319268 -8 30
28001803248535 -8 32
9177902016341 -8 34
2766077365145 -8 36
763549992738 -8 38
192157071225 -8 40
43847824584 -8 42
9013109809 -8 44
1655749759 -8 46
269174154 -8 48
38243583 -8 50
4668745 -8 52
478455 -8 54
39846 -8 56
2567 -8 58
115 -8 60
3 -8 62
2 -6 -62
155 -6 -60
3452 -6 -58
51509 -6 -56
593315 -6 -54
5626965 -6 -52
45251680 -6 -50
314504902 -6 -48
1916616046 -6 -46
10359748576 -6 -44
50127850848 -6 -42
218778904602 -6 -40
866642113092 -6 -38
3132286716299 -6 -36
10375484966441 -6 -34
31618358849613 -6 -32
88937346308878 -6 -30
231569280363568 -6 -28
559507557419804 -6 -26
1257177636363420 -6 -24
2631906788188955 -6 -22
5142095137807555 -6 -20
9389128973715533 -6 -18
16042175358993504 -6 -16
25675365630836939 -6 -14
38528339921579117 -6 -12
54248383044489936 -6 -10
71715130594978011 -6 -8
89057923848475702 -6 -6
103929960279887345 -6 -4
114007766929108407 -6 -2
117577572043127778 -6 0
114007766929108407 -6 2
103929960279887345 -6 4
89057923848475702 -6 6
71715130594978011 -6 8
54248383044489936 -6 10
38528339921579117 -6 12
25675365630836939 -6 14
16042175358993504 -6 16
9389128973715533 -6 18
5142095137807555 -6 20
2631906788188955 -6 22
1257177636363420 -6 24
559507557419804 -6 26
231569280363568 -6 28
88937346308878 -6 30
31618358849613 -6 32
10375484966441 -6 34
3132286716299 -6 36
866642113092 -6 38
218778904602 -6 40
50127850848 -6 42
10359748576 -6 44
1916616046 -6 46
314504902 -6 48
45251680 -6 50
5626965 -6 52
593315 -6 54
51509 -6 56
3452 -6 58
155 -6 60
2 -6 62
11 -4 -62
248 -4 -60
4368 -4 -58
60847 -4 -56
685080 -4 -54
6397817 -4 -52
50853811 -4 -50
350422187 -4 -48
2122002094 -4 -46
11415741815 -4 -44
55040284304 -4 -42
239567393139 -4 -40
947062171620 -4 -38
3417849603117 -4 -36
11309451204123 -4 -34
34440356614119 -4 -32
96834992242611 -4 -30
252086937511601 -4 -28
609085326104153 -4 -26
1368788006507353 -4 -24
2866335304708697 -4 -22
5602084425531009 -4 -20
10233208518678957 -4 -18
17492006462208555 -4 -16
28008228834080247 -4 -14
42047062832840397 -4 -12
59226239071726575 -4 -10
78322901461231056 -4 -8
97291282498407019 -4 -6
113562158242313542 -4 -4
124590114772536826 -4 -2
128496890498345188 -4 0
124590114772536826 -4 2
113562158242313542 -4 4
97291282498407019 -4 6
78322901461231056 -4 8
59226239071726575 -4 10
42047062832840397 -4 12
28008228834080247 -4 14
17492006462208555 -4 16
10233208518678957 -4 18
5602084425531009 -4 20
2866335304708697 -4 22
1368788006507353 -4 24
609085326104153 -4 26
252086937511601 -4 28
96834992242611 -4 30
34440356614119 -4 32
11309451204123 -4 34
3417849603117 -4 36
947062171620 -4 38
239567393139 -4 40
55040284304 -4 42
11415741815 -4 44
2122002094 -4 46
350422187 -4 48
50853811 -4 50
6397817 -4 52
685080 -4 54
60847 -4 56
4368 -4 58
248 -4 60
11 -4 62
8 -2 -62
277 -2 -60
4968 -2 -58
67242 -2 -56
743316 -2 -54
6878328 -2 -52
54343814 -2 -50
372760423 -2 -48
2249533901 -2 -46
12070562314 -2 -44
58086000557 -2 -42
252464539374 -2 -40
997012286110 -2 -38
3595496349233 -2 -36
11891592974412 -2 -34
36203211880318 -2 -32
101780605058096 -2 -30
264969073736505 -2 -28
640298350820270 -2 -26
1439252186752875 -2 -24
3014755382725256 -2 -22
5894115849266086 -2 -20
10770519360725946 -2 -18
18417256361487342 -2 -16
29500509242141376 -2 -14
44302694878208257 -2 -12
62423177255041321 -2 -10
82573289346248799 -2 -8
102593936903937290 -2 -6
119771365215598250 -2 -4
131415579449081337 -2 -2
135540998022164710 -2 0
131415579449081337 -2 2
119771365215598250 -2 4
102593936903937290 -2 6
82573289346248799 -2 8
62423177255041321 -2 10
44302694878208257 -2 12
29500509242141376 -2 14
18417256361487342 -2 16
10770519360725946 -2 18
5894115849266086 -2 20
3014755382725256 -2 22
1439252186752875 -2 24
640298350820270 -2 26
264969073736505 -2 28
101780605058096 -2 30
36203211880318 -2 32
11891592974412 -2 34
3595496349233 -2 36
997012286110 -2 38
252464539374 -2 40
58086000557 -2 42
12070562314 -2 44
2249533901 -2 46
372760423 -2 48
54343814 -2 50
6878328 -2 52
743316 -2 54
67242 -2 56
4968 -2 58
277 -2 60
8 -2 62
1 0 -64
15 0 -62
294 0 -60
5059 0 -58
68852 0 -56
758941 0 -54
7008126 0 -52
55297441 0 -50
378930244 0 -48
2285088039 0 -46
12254999949 0 -44
58953063356 0 -42
256181759977 0 -40
1011591534758 0 -38
3648012348088 0 -36
12065959290837 0 -34
36738323299958 0 -32
103302111827865 0 -30
268985401159808 0 -28
650158315844091 0 -26
1461797740080634 0 -24
3062831702441522 0 -22
5989824372030518 0 -20
10948556593912990 0 -18
18726956448159769 0 -16
30004612156679011 0 -14
45070890855367656 0 -12
63519624536910974 0 -10
84039571604975656 0 -8
104431657938426395 0 -6
121930414988173169 0 -4
133793670167851350 0 -2
137996911318278530 0 0
133793670167851350 0 2
121930414988173169 0 4
104431657938426395 0 6
84039571604975656 0 8
63519624536910974 0 10
45070890855367656 0 12
30004612156679011 0 14
18726956448159769 0 16
10948556593912990 0 18
5989824372030518 0 20
3062831702441522 0 22
1461797740080634 0 24
650158315844091 0 26
268985401159808 0 28
103302111827865 0 30
36738323299958 0 32
12065959290837 0 34
3648012348088 0 36
1011591534758 0 38
256181759977 0 40
58953063356 0 42
12254999949 0 44
2285088039 0 46
378930244 0 48
55297441 0 50
7008126 0 52
758941 0 54
68852 0 56
5059 0 58
294 0 60
15 0 62
1 0 64
13 2 -62
265 2 -60
4709 2 -58
65508 2 -56
730924 2 -54
6777903 2 -52
53626838 2 -50
368338719 2 -48
2225443210 2 -46
11952985416 2 -44
57567783930 2 -42
250401563785 2 -40
989554748444 2 -38
3570912369885 2 -36
11817551907932 2 -34
35999161574233 2 -32
101265424070236 2 -30
263776825266539 2 -28
637769943203692 2 -26
1434344109174887 2 -24
3006054544588634 2 -22
5880086726608738 2 -20
10750085315263682 2 -18
18390689185566152 2 -16
29470361845235105 2 -14
44274271365161760 2 -12
62403988196146859 2 -10
82571218968065706 2 -8
102614491343693742 2 -6
119815034950731994 2 -4
131476621978970028 2 -2
135608501222332976 2 0
131476621978970028 2 2
119815034950731994 2 4
102614491343693742 2 6
82571218968065706 2 8
62403988196146859 2 10
44274271365161760 2 12
29470361845235105 2 14
18390689185566152 2 16
10750085315263682 2 18
5880086726608738 2 20
3006054544588634 2 22
1434344109174887 2 24
637769943203692 2 26
263776825266539 2 28
101265424070236 2 30
35999161574233 2 32
11817551907932 2 34
3570912369885 2 36
989554748444 2 38
250401563785 2 40
57567783930 2 42
11952985416 2 44
2225443210 2 46
368338719 2 48
53626838 2 50
6777903 2 52
730924 2 54
65508 2 56
4709 2 58
265 2 60
13 2 62
6 4 -62
229 4 -60
4155 4 -58
58333 4 -56
661737 4 -54
6215545 4 -52
49586370 4 -50
342566170 4 -48
2078780092 4 -46
11203411301 4 -44
54102447711 4 -42
235821791230 4 -40
933483371867 4 -38
3373011943373 4 -36
11174260685965 4 -34
34067478954100 4 -32
95893051276777 4 -30
249906411475301 4 -28
604460522210639 4 -26
1359810460189870 4 -24
2850421931098662 4 -22
5576430075788952 4 -20
10195850811830794 4 -18
17443449630426031 4 -16
27953144607039506 4 -14
41995148930048249 4 -12
59191215064322541 4 -10
78319160428044096 4 -8
97328866786104346 4 -6
113641951529679986 4 -4
124701626296269328 4 -2
128620195665913260 4 0
124701626296269328 4 2
113641951529679986 4 4
97328866786104346 4 6
78319160428044096 4 8
59191215064322541 4 10
41995148930048249 4 12
27953144607039506 4 14
17443449630426031 4 16
10195850811830794 4 18
5576430075788952 4 20
2850421931098662 4 22
1359810460189870 4 24
604460522210639 4 26
249906411475301 4 28
95893051276777 4 30
34067478954100 4 32
11174260685965 4 34
3373011943373 4 36
933483371867 4 38
235821791230 4 40
54102447711 4 42
11203411301 4 44
2078780092 4 46
342566170 4 48
49586370 4 50
6215545 4 52
661737 4 54
58333 4 56
4155 4 58
229 4 60
6 4 62
1 6 -62
141 6 -60
3287 6 -58
48983 6 -56
567000 6 -54
5410476 6 -52
43707085 6 -50
304810958 6 -48
1862729970 6 -46
10092774681 6 -44
48941430534 6 -42
214015695782 6 -40
849297814318 6 -38
3074838692345 6 -36
10201895867582 6 -34
31138848193858 6 -32
87724837544795 6 -30
228760833268589 6 -28
553549382848553 6 -26
1245611561351290 6 -24
2611408316763600 6 -22
5109058584317744 6 -20
9341039787294123 6 -18
15979698788033757 6 -16
25604528397532258 6 -14
38461624929792340 6 -12
54203425377837927 6 -10
71710411225914641 6 -8
89106318787884029 6 -6
104032578011405858 6 -4
114151117406113968 6 -2
117736064592455174 6 0
114151117406113968 6 2
104032578011405858 6 4
89106318787884029 6 6
71710411225914641 6 8
54203425377837927 6 10
38461624929792340 6 12
25604528397532258 6 14
15979698788033757 6 16
9341039787294123 6 18
5109058584317744 6 20
2611408316763600 6 22
1245611561351290 6 24
553549382848553 6 26
228760833268589 6 28
87724837544795 6 30
31138848193858 6 32
10201895867582 6 34
3074838692345 6 36
849297814318 6 38
214015695782 6 40
48941430534 6 42
10092774681 6 44
1862729970 6 46
304810958 6 48
43707085 6 50
5410476 6 52
567000 6 54
48983 6 56
3287 6 58
141 6 60
1 6 62
5 8 -62
105 8 -60
2378 8 -58
37718 8 -56
456318 8 -54
4469015 8 -52
36743546 8 -50
259521303 8 -48
1601170667 8 -46
8738829725 8 -44
42614312396 8 -42
187163636478 8 -40
745257058942 8 -38
2705204234761 8 -36
8993336828864 8 -34
27490753403231 8 -32
77530495485281 8 -30
202326255605780 8 -28
489811861232324 8 -26
1102459869210985 8 -24
2311462536667132 8 -22
4521961579687501 8 -20
8266322952773416 8 -18
14137992145600195 8 -16
22647530173052616 8 -14
34010275087778431 8 -12
47917095875389451 8 -10
63377906223844986 8 -8
78735987594309211 8 -6
91910586381967330 8 -4
100840202989240835 8 -2
104003655194692156 8 0
100840202989240835 8 2
91910586381967330 8 4
78735987594309211 8 6
63377906223844986 8 8
47917095875389451 8 10
34010275087778431 8 12
22647530173052616 8 14
14137992145600195 8 16
8266322952773416 8 18
4521961579687501 8 20
2311462536667132 8 22
1102459869210985 8 24
489811861232324 8 26
202326255605780 8 28
77530495485281 8 30
27490753403231 8 32
8993336828864 8 34
2705204234761 8 36
745257058942 8 38
187163636478 8 40
42614312396 8 42
8738829725 8 44
1601170667 8 46
259521303 8 48
36743546 8 50
4469015 8 52
456318 8 54
37718 8 56
2378 8 58
105 8 60
5 8 62
65 10 -60
1601 10 -58
27237 10 -56
345781 10 -54
3499103 10 -52
29431126 10 -50
211328199 10 -48
1319922087 10 -46
7271295639 10 -44
35711402084 10 -42
157712032336 10 -40
630670756264 10 -38
2296763699097 10 -36
7654357424098 10 -34
23440372711614 10 -32
66192789348804 10 -30
172887280959603 10 -28
418755386405836 10 -26
942739052536723 10 -24
1976588682023385 10 -22
3866187426696892 10 -20
7065470200475520 10 -18
12079618593829503 10 -16
19342088064871000 10 -14
29033824388960297 10 -12
40888701520831089 10 -10
54061407769180580 10 -8
67140755457467270 10 -6
78356649838665420 10 -4
85956832035710135 10 -2
88648979081987544 10 0
85956832035710135 10 2
78356649838665420 10 4
67140755457467270 10 6
54061407769180580 10 8
40888701520831089 10 10
29033824388960297 10 12
19342088064871000 10 14
12079618593829503 10 16
7065470200475520 10 18
3866187426696892 10 20
1976588682023385 10 22
942739052536723 10 24
418755386405836 10 26
172887280959603 10 28
66192789348804 10 30
23440372711614 10 32
7654357424098 10 34
2296763699097 10 36
630670756264 10 38
157712032336 10 40
35711402084 10 42
7271295639 10 44
1319922087 10 46
211328199 10 48
29431126 10 50
3499103 10 52
345781 10 54
27237 10 56
1601 10 58
65 10 60
26 12 -60
949 12 -58
18175 12 -56
246000 12 -54
2596080 12 -52
22457438 12 -50
164518532 12 -48
1042991592 12 -46
5811563236 12 -44
28793729348 12 -42
128020778822 12 -40
514594928516 12 -38
1881461665587 12 -36
6288922860702 12 -34
19300733700063 12 -32
54585714919125 12 -30
142711554875512 12 -28
345856912470545 12 -26
778782981084317 12 -24
1632717407676284 12 -22
3192687835962349 12 -20
5832137512464711 12 -18
9965749943003569 12 -16
15948045756616147 12 -14
23924956638228125 12 -12
33674756342592333 12 -10
44500813783847965 12 -8
55243736298132695 12 -6
64451758749133525 12 -4
70689334523642959 12 -2
72898452319581962 12 0
70689334523642959 12 2
64451758749133525 12 4
55243736298132695 12 6
44500813783847965 12 8
33674756342592333 12 10
23924956638228125 12 12
15948045756616147 12 14
9965749943003569 12 16
5832137512464711 12 18
3192687835962349 12 20
1632717407676284 12 22
778782981084317 12 24
345856912470545 12 26
142711554875512 12 28
54585714919125 12 30
19300733700063 12 32
6288922860702 12 34
1881461665587 12 36
514594928516 12 38
128020778822 12 40
28793729348 12 42
5811563236 12 44
1042991592 12 46
164518532 12 48
22457438 12 50
2596080 12 52
246000 12 54
18175 12 56
949 12 58
26 12 60
5 14 -60
502 14 -58
11289 14 -56
164857 14 -54
1822008 14 -52
16295754 14 -50
122323519 14 -48
789615870 14 -46
4459811179 14 -44
22327738957 14 -42
100071018257 14 -40
404724693317 14 -38
1486684591242 14 -36
4986747322629 14 -34
15343248834178 14 -32
43469724835987 14 -30
113777297906684 14 -28
275903236397693 14 -26
621383831999109 14 -24
1302552589368420 14 -22
2546085306796022 14 -20
4648344346066925 14 -18
7937499710219873 14 -16
12692823039491249 14 -14
19027199194993530 14 -12
26761882068457009 14 -10
35342816428671451 14 -8
43851455836321995 14 -6
51140102703191822 14 -4
56075465521888012 14 -2
57823023812938016 14 0
56075465521888012 14 2
51140102703191822 14 4
43851455836321995 14 6
35342816428671451 14 8
26761882068457009 14 10
19027199194993530 14 12
12692823039491249 14 14
7937499710219873 14 16
4648344346066925 14 18
2546085306796022 14 20
1302552589368420 14 22
621383831999109 14 24
275903236397693 14 26
113777297906684 14 28
43469724835987 14 30
15343248834178 14 32
4986747322629 14 34
1486684591242 14 36
404724693317 14 38
100071018257 14 40
22327738957 14 42
4459811179 14 44
789615870 14 46
122323519 14 48
16295754 14 50
1822008 14 52
164857 14 54
11289 14 56
502 14 58
5 14 60
9 16 -60
257 16 -58
6442 16 -56
102995 16 -54
1207523 16 -52
11236497 16 -50
86784333 16 -48
572201365 16 -46
3283984595 16 -44
16642379244 16 -42
75290902081 16 -40
306694391142 16 -38
1132726241254 16 -36
3814918360830 16 -34
11772301839070 16 -32
33420359937543 16 -30
87586441114160 16 -28
212535824499023 16 -26
478759933358967 16 -24
1003387781311563 16 -22
1960356185991998 16 -20
3576491414551922 16 -18
6102109673792438 16 -16
9749033910751126 16 -14
14600952952242823 16 -12
20518482579084292 16 -10
27076442403320159 16 -8
33573223539031892 16 -6
39134482399031158 16 -4
42898314043275941 16 -2
44230709321846844 16 0
42898314043275941 16 2
39134482399031158 16 4
33573223539031892 16 6
27076442403320159 16 8
20518482579084292 16 10
14600952952242823 16 12
9749033910751126 16 14
6102109673792438 16 16
3576491414551922 16 18
1960356185991998 16 20
1003387781311563 16 22
478759933358967 16 24
212535824499023 16 26
87586441114160 16 28
33420359937543 16 30
11772301839070 16 32
3814918360830 16 34
1132726241254 16 36
306694391142 16 38
75290902081 16 40
16642379244 16 42
3283984595 16 44
572201365 16 46
86784333 16 48
11236497 16 50
1207523 16 52
102995 16 54
6442 16 56
257 16 58
9 16 60
119 18 -58
3446 18 -56
60190 18 -54
753898 18 -52
7347764 18 -50
58677011 18 -48
396530422 18 -46
2318377759 18 -44
11915547808 18 -42
54490342677 18 -40
223805117864 18 -38
831779713164 18 -36
2814450168096 18 -34
8714354777265 18 -32
24796711498444 18 -30
65081251279305 18 -28
158046239331890 18 -26
356089173353575 18 -24
746115458947582 18 -22
1456871746509429 18 -20
2655745731643199 18 -18
4526715647688906 18 -16
7224425975197949 18 -14
10808283194603865 18 -12
15173193311105546 18 -10
20004419227451212 18 -8
24785432971919133 18 -6
28874525388066336 18 -4
31640384373472706 18 -2
32619205432581728 18 0
31640384373472706 18 2
28874525388066336 18 4
24785432971919133 18 6
20004419227451212 18 8
15173193311105546 18 10
10808283194603865 18 12
7224425975197949 18 14
4526715647688906 18 16
2655745731643199 18 18
1456871746509429 18 20
746115458947582 18 22
356089173353575 18 24
158046239331890 18 26
65081251279305 18 28
24796711498444 18 30
8714354777265 18 32
2814450168096 18 34
831779713164 18 36
223805117864 18 38
54490342677 18 40
11915547808 18 42
2318377759 18 44
396530422 18 46
58677011 18 48
7347764 18 50
753898 18 52
60190 18 54
3446 18 56
119 18 58
40 20 -58
1577 20 -56
32425 20 -54
442152 20 -52
4553080 20 -50
37769921 20 -48
262491208 20 -46
1567490545 20 -44
8187657526 20 -42
37907635091 20 -40
157170576607 20 -38
588322207670 20 -36
2001306863594 20 -34
6220563545190 20 -32
17747719608556 20 -30
46658761780052 20 -28
113408198665086 20 -26
255578060253910 20 -24
535371344585193 20 -22
1044686852810455 20 -20
1902588791321381 20 -18
3239331876694329 20 -16
5163545744475298 20 -14
7715560842146939 20 -12
10818795825626530 20 -10
14248582400959733 20 -8
17638515258600863 20 -6
20535012456473691 20 -4
22492877562771797 20 -2
23185515326211378 20 0
22492877562771797 20 2
20535012456473691 20 4
17638515258600863 20 6
14248582400959733 20 8
10818795825626530 20 10
7715560842146939 20 12
5163545744475298 20 14
3239331876694329 20 16
1902588791321381 20 18
1044686852810455 20 20
535371344585193 20 22
255578060253910 20 24
113408198665086 20 26
46658761780052 20 28
17747719608556 20 30
6220563545190 20 32
2001306863594 20 34
588322207670 20 36
157170576607 20 38
37907635091 20 40
8187657526 20 42
1567490545 20 44
262491208 20 46
37769921 20 48
4553080 20 50
442152 20 52
32425 20 54
1577 20 56
40 20 58
9 22 -58
706 22 -56
16339 22 -54
243037 22 -52
2663207 22 -50
23095833 22 -48
165762767 22 -46
1013957279 22 -44
5394082138 22 -42
25326734928 22 -40
106138625993 22 -38
400538495219 22 -36
1370802068650 22 -34
4279538384252 22 -32
12246926470155 22 -30
32259335828753 22 -28
78489830761578 22 -26
176939098622751 22 -24
370541515380343 22 -22
722532986436072 22 -20
1314518437442357 22 -18
2235297807037675 22 -16
3558259834544122 22 -14
5309552830968361 22 -12
7435274987385040 22 -10
9780830809098245 22 -8
12095872037347226 22 -6
14071741362625939 22 -4
15406290027433156 22 -2
15878230856908060 22 0
15406290027433156 22 2
14071741362625939 22 4
12095872037347226 22 6
9780830809098245 22 8
7435274987385040 22 10
5309552830968361 22 12
3558259834544122 22 14
2235297807037675 22 16
1314518437442357 22 18
722532986436072 22 20
370541515380343 22 22
176939098622751 22 24
78489830761578 22 26
32259335828753 22 28
12246926470155 22 30
4279538384252 22 32
1370802068650 22 34
400538495219 22 36
106138625993 22 38
25326734928 22 40
5394082138 22 42
1013957279 22 44
165762767 22 46
23095833 22 48
2663207 22 50
243037 22 52
16339 22 54
706 22 56
9 22 58
7 24 -58
281 24 -56
7608 24 -54
125405 24 -52
1469982 24 -50
13391612 24 -48
99681016 24 -46
626614492 24 -44
3403262009 24 -42
16234445683 24 -40
68863646387 24 -38
262268786266 24 -36
903767970003 24 -34
2835606510245 24 -32
8142936722896 24 -30
21496848282515 24 -28
52367167247990 24 -26
118097554645479 24 -24
247254225290283 24 -22
481767167417949 24 -20
875507861315968 24 -18
1486746408370198 24 -16
2363144554110568 24 -14
3520863725624416 24 -12
4923281774485948 24 -10
6467897087267524 24 -8
7990020033034556 24 -6
9287524178837225 24 -4
10163134888107279 24 -2
10472643824261620 24 0
10163134888107279 24 2
9287524178837225 24 4
7990020033034556 24 6
6467897087267524 24 8
4923281774485948 24 10
3520863725624416 24 12
2363144554110568 24 14
1486746408370198 24 16
875507861315968 24 18
481767167417949 24 20
247254225290283 24 22
118097554645479 24 24
52367167247990 24 26
21496848282515 24 28
8142936722896 24 30
2835606510245 24 32
903767970003 24 34
262268786266 24 36
68863646387 24 38
16234445683 24 40
3403262009 24 42
626614492 24 44
99681016 24 46
13391612 24 48
1469982 24 50
125405 24 52
7608 24 54
281 24 56
7 24 58
101 26 -56
3317 26 -54
60262 26 -52
762646 26 -50
7346301 26 -48
56986502 26 -46
369416548 26 -44
2053623520 26 -42
9972051195 26 -40
42880861119 26 -38
165014247839 26 -36
573055448270 26 -34
1808184429536 26 -32
5213109016484 26 -30
13797700271342 26 -28
33660118819505 26 -26
75949461769283 26 -24
158978441447985 26 -22
309526319491261 26 -20
561831686255588 26 -18
952681435117935 26 -16
1511815214180136 26 -14
2248732988976660 26 -12
3139433181422404 26 -10
4118461574390655 26 -8
5081555540194022 26 -6
5901395260088548 26 -4
6454129946883954 26 -2
6649413996495972 26 0
6454129946883954 26 2
5901395260088548 26 4
5081555540194022 26 6
4118461574390655 26 8
3139433181422404 26 10
2248732988976660 26 12
1511815214180136 26 14
952681435117935 26 16
561831686255588 26 18
309526319491261 26 20
158978441447985 26 22
75949461769283 26 24
33660118819505 26 26
13797700271342 26 28
5213109016484 26 30
1808184429536 26 32
573055448270 26 34
165014247839 26 36
42880861119 26 38
9972051195 26 40
2053623520 26 42
369416548 26 44
56986502 26 46
7346301 26 48
762646 26 50
60262 26 52
3317 26 54
101 26 56
26 28 -56
1224 28 -54
26776 28 -52
371741 28 -50
3806917 28 -48
30902629 28 -46
207370632 28 -44
1183382788 28 -42
5862322334 28 -40
25596679715 28 -38
99655635299 28 -36
349121680514 28 -34
1108686035198 28 -32
3210898758000 28 -30
8523710595623 28 -28
20829643648050 28 -26
47031787401561 28 -24
98435371829333 28 -22
191505642972698 28 -20
347182208087952 28 -18
587797255490175 28 -16
931169043931783 28 -14
1382592007924046 28 -12
1926903871727121 28 -10
2523870942923628 28 -8
3110002812817759 28 -6
3608196759098658 28 -4
3943726251477199 28 -2
4062206951652714 28 0
3943726251477199 28 2
3608196759098658 28 4
3110002812817759 28 6
2523870942923628 28 8
1926903871727121 28 10
1382592007924046 28 12
931169043931783 28 14
587797255490175 28 16
347182208087952 28 18
191505642972698 28 20
98435371829333 28 22
47031787401561 28 24
20829643648050 28 26
8523710595623 28 28
3210898758000 28 30
1108686035198 28 32
349121680514 28 34
99655635299 28 36
25596679715 28 38
5862322334 28 40
1183382788 28 42
207370632 28 44
30902629 28 46
3806917 28 48
371741 28 50
26776 28 52
1224 28 54
26 28 56
7 30 -56
444 30 -54
10986 30 -52
168796 30 -50
1857881 30 -48
15870171 30 -46
110631602 30 -44
650054256 30 -42
3293233734 30 -40
14627683840 30 -38
57698908367 30 -36
204138995702 30 -34
653003850599 30 -32
1900979763043 30 -30
5063808689961 30 -28
12399929558620 30 -26
28023510189487 30 -24
58651640152127 30 -22
114024986342558 30 -20
206459687498065 30 -18
348984735354920 30 -16
551843926049291 30 -14
817822625224461 30 -12
1137695694641247 30 -10
1487671099800294 30 -8
1830582107648176 30 -6
2121565605511265 30 -4
2317316290024530 30 -2
2386398417004372 30 0
2317316290024530 30 2
2121565605511265 30 4
1830582107648176 30 6
1487671099800294 30 8
1137695694641247 30 10
817822625224461 30 12
551843926049291 30 14
348984735354920 30 16
206459687498065 30 18
114024986342558 30 20
58651640152127 30 22
28023510189487 30 24
12399929558620 30 26
5063808689961 30 28
1900979763043 30 30
653003850599 30 32
204138995702 30 34
57698908367 30 36
14627683840 30 38
3293233734 30 40
650054256 30 42
110631602 30 44
15870171 30 46
1857881 30 48
168796 30 50
10986 30 52
444 30 54
7 30 56
2 32 -56
137 32 -54
4130 32 -52
71452 32 -50
850816 32 -48
7695848 32 -46
55976838 32 -44
339764282 32 -42
1764775154 32 -40
7990586446 32 -38
31984155190 32 -36
114423584943 32 -34
369049108192 32 -32
1080710455557 32 -30
2890318142129 32 -28
7094923176355 32 -26
16053167448785 32 -24
33603682823630 32 -22
65287430372056 32 -20
118066931817359 32 -18
199242701548611 32 -16
314461305017960 32 -14
465097151893571 32 -12
645748887129744 32 -10
842890265133252 32 -8
1035619235759458 32 -6
1198870796928822 32 -4
1308556984617221 32 -2
1347241513837912 32 0
1308556984617221 32 2
1198870796928822 32 4
1035619235759458 32 6
842890265133252 32 8
645748887129744 32 10
465097151893571 32 12
314461305017960 32 14
199242701548611 32 16
118066931817359 32 18
65287430372056 32 20
33603682823630 32 22
16053167448785 32 24
7094923176355 32 26
2890318142129 32 28
1080710455557 32 30
369049108192 32 32
114423584943 32 34
31984155190 32 36
7990586446 32 38
1764775154 32 40
339764282 32 42
55976838 32 44
7695848 32 46
850816 32 48
71452 32 50
4130 32 52
137 32 54
2 32 56
40 34 -54
1440 34 -52
27880 34 -50
363220 34 -48
3510461 34 -46
26797758 34 -44
168609266 34 -42
900388793 34 -40
4165128220 34 -38
16949089471 34 -36
61398437872 34 -34
199882682674 34 -32
589292179153 34 -30
1583361866027 34 -28
3898019502852 34 -26
8833003824153 34 -24
18496691298816 34 -22
35917787709416 34 -20
64876774241466 34 -18
109299590990063 34 -16
172167805499986 34 -14
254111090190245 34 -12
352088726453043 34 -10
458712891122920 34 -8
562698734867407 34 -6
650610055782647 34 -4
709596768970374 34 -2
730386015836018 34 0
709596768970374 34 2
650610055782647 34 4
562698734867407 34 6
458712891122920 34 8
352088726453043 34 10
254111090190245 34 12
172167805499986 34 14
109299590990063 34 16
64876774241466 34 18
35917787709416 34 20
18496691298816 34 22
8833003824153 34 24
3898019502852 34 26
1583361866027 34 28
589292179153 34 30
199882682674 34 32
61398437872 34 34
16949089471 34 36
4165128220 34 38
900388793 34 40
168609266 34 42
26797758 34 44
3510461 34 46
363220 34 48
27880 34 50
1440 34 52
40 34 54
6 36 -54
431 36 -52
10119 36 -50
144963 36 -48
1500518 36 -46
12086688 36 -44
79229761 36 -42
436440034 36 -40
2067831891 36 -38
8571541277 36 -36
31490958961 36 -34
103606942609 36 -32
307816719467 36 -30
831520913355 36 -28
2054172888401 36 -26
4663617702711 36 -24
9771974850450 36 -22
18968789073523 36 -20
34224114176222 36 -18
57562502472208 36 -16
90490543664143 36 -14
133271357295051 36 -12
184260485272382 36 -10
239584402633470 36 -8
293399073063903 36 -6
338799931359339 36 -4
369218563601264 36 -2
379931251552538 36 0
369218563601264 36 2
338799931359339 36 4
293399073063903 36 6
239584402633470 36 8
184260485272382 36 10
133271357295051 36 12
90490543664143 36 14
57562502472208 36 16
34224114176222 36 18
18968789073523 36 20
9771974850450 36 22
4663617702711 36 24
2054172888401 36 26
831520913355 36 28
307816719467 36 30
103606942609 36 32
31490958961 36 34
8571541277 36 36
2067831891 36 38
436440034 36 40
79229761 36 42
12086688 36 44
1500518 36 46
144963 36 48
10119 36 50
431 36 52
6 36 54
2 38 -54
114 38 -52
3261 38 -50
53396 38 -48
599852 38 -46
5122735 38 -44
35140455 38 -42
200464110 38 -40
975710725 38 -38
4128968749 38 -36
15411986558 38 -34
51316570300 38 -32
153808290843 38 -30
418079675323 38 -28
1037054152527 38 -26
2359995494976 38 -24
4949775476400 38 -22
9606706164734 38 -20
17315214739363 38 -18
29075554549571 38 -16
45615322253354 38 -14
67031259092208 38 -12
92469775531874 38 -10
119983004175432 38 -8
146670711449231 38 -6
169135044796065 38 -4
184162355597215 38 -2
189450291607894 38 0
184162355597215 38 2
169135044796065 38 4
146670711449231 38 6
119983004175432 38 8
92469775531874 38 10
67031259092208 38 12
45615322253354 38 14
29075554549571 38 16
17315214739363 38 18
9606706164734 38 20
4949775476400 38 22
2359995494976 38 24
1037054152527 38 26
418079675323 38 28
153808290843 38 30
51316570300 38 32
15411986558 38 34
4128968749 38 36
975710725 38 38
200464110 38 40
35140455 38 42
5122735 38 44
599852 38 46
53396 38 48
3261 38 50
114 38 52
2 38 54
23 40 -52
925 40 -50
17808 40 -48
221998 40 -46
2031902 40 -44
14663248 40 -42
87008836 40 -40
436454207 40 -38
1890336461 40 -36
7183252980 40 -34
24244768994 40 -32
73401897000 40 -30
200959441118 40 -28
500899887742 40 -26
1143208749581 40 -24
2400967566209 40 -22
4660362617174 40 -20
8392640876864 40 -18
14070758800886 40 -16
22030030639318 40 -14
32298949497925 40 -12
44452662013260 40 -10
57552651207426 40 -8
70221135945614 40 -6
80858706892141 40 -4
87962354949695 40 -2
90459821016962 40 0
87962354949695 40 2
80858706892141 40 4
70221135945614 40 6
57552651207426 40 8
44452662013260 40 10
32298949497925 40 12
22030030639318 40 14
14070758800886 40 16
8392640876864 40 18
4660362617174 40 20
2400967566209 40 22
1143208749581 40 24
500899887742 40 26
200959441118 40 28
73401897000 40 30
24244768994 40 32
7183252980 40 34
1890336461 40 36
436454207 40 38
87008836 40 40
14663248 40 42
2031902 40 44
221998 40 46
17808 40 48
925 40 50
23 40 52
6 42 -52
234 42 -50
5288 42 -48
75058 42 -46
749069 42 -44
5734258 42 -42
35552452 42 -40
184518346 42 -38
820511796 42 -36
3181437636 42 -34
10904442414 42 -32
33396038788 42 -30
92195601492 42 -28
231116727147 42 -26
529366772875 42 -24
1113804328684 42 -22
2162844095432 42 -20
3892356649907 42 -18
6516089871234 42 -16
10181227727974 42 -14
14892045877660 42 -12
20445985949425 42 -10
26410269518971 42 -8
32159163681428 42 -6
36973565195101 42 -4
40182523008611 42 -2
41309615367412 42 0
40182523008611 42 2
36973565195101 42 4
32159163681428 42 6
26410269518971 42 8
20445985949425 42 10
14892045877660 42 12
10181227727974 42 14
6516089871234 42 16
3892356649907 42 18
2162844095432 42 20
1113804328684 42 22
529366772875 42 24
231116727147 42 26
92195601492 42 28
33396038788 42 30
10904442414 42 32
3181437636 42 34
820511796 42 36
184518346 42 38
35552452 42 40
5734258 42 42
749069 42 44
75058 42 46
5288 42 48
234 42 50
6 42 52
53 44 -50
1476 44 -48
23197 44 -46
254257 44 -44
2088642 44 -42
13616570 44 -40
73459282 44 -38
336601281 44 -36
1335548577 44 -34
4658539245 44 -32
14456594515 44 -30
40296577910 44 -28
101698522858 44 -26
233951056754 44 -24
493414720259 44 -22
958909361138 44 -20
1724938271189 44 -18
2883694009717 44 -16
4496560978419 44 -14
6561251173701 44 -12
8985363876756 44 -10
11578163963301 44 -8
14068382756049 44 -6
16147720302841 44 -4
17530807532236 44 -2
18016075670082 44 0
17530807532236 44 2
16147720302841 44 4
14068382756049 44 6
11578163963301 44 8
8985363876756 44 10
6561251173701 44 12
4496560978419 44 14
2883694009717 44 16
1724938271189 44 18
958909361138 44 20
493414720259 44 22
233951056754 44 24
101698522858 44 26
40296577910 44 28
14456594515 44 30
4658539245 44 32
1335548577 44 34
336601281 44 36
73459282 44 38
13616570 44 40
2088642 44 42
254257 44 44
23197 44 46
1476 44 48
53 44 50
7 46 -50
331 46 -48
6432 46 -46
78716 46 -44
701745 46 -42
4863601 46 -40
27430276 46 -38
130040762 46 -36
529754215 46 -34
1885364807 46 -32
5940254477 46 -30
16744975360 46 -28
42597367407 46 -26
98507834115 46 -24
208391249983 46 -22
405498240221 46 -20
729306952853 46 -18
1217697199511 46 -16
1894914067256 46 -14
2758107023818 46 -12
3766999658117 46 -10
4841383162142 46 -8
5869207613174 46 -6
6724689236335 46 -4
7292426664434 46 -2
7491387401314 46 0
7292426664434 46 2
6724689236335 46 4
5869207613174 46 6
4841383162142 46 8
3766999658117 46 10
2758107023818 46 12
1894914067256 46 14
1217697199511 46 16
729306952853 46 18
405498240221 46 20
208391249983 46 22
98507834115 46 24
42597367407 46 26
16744975360 46 28
5940254477 46 30
1885364807 46 32
529754215 46 34
130040762 46 36
27430276 46 38
4863601 46 40
701745 46 42
78716 46 44
6432 46 46
331 46 48
7 46 50
55 48 -48
1527 48 -46
21812 48 -44
214864 48 -42
1605390 48 -40
9551916 48 -38
47109724 48 -36
197815035 48 -34
720627877 48 -32
2310852833 48 -30
6599777585 48 -28
16947254048 48 -26
39440150630 48 -24
83754322136 48 -22
163262004994 48 -20
293671465113 48 -18
489774269856 48 -16
760600985940 48 -14
1104190174145 48 -12
1503796152736 48 -10
1927299609145 48 -8
2330699957308 48 -6
2665272884940 48 -4
2886755216128 48 -2
2964271644526 48 0
2886755216128 48 2
2665272884940 48 4
2330699957308 48 6
1927299609145 48 8
1503796152736 48 10
1104190174145 48 12
760600985940 48 14
489774269856 48 16
293671465113 48 18
163262004994 48 20
83754322136 48 22
39440150630 48 24
16947254048 48 26
6599777585 48 28
2310852833 48 30
720627877 48 32
197815035 48 34
47109724 48 36
9551916 48 38
1605390 48 40
214864 48 42
21812 48 44
1527 48 46
55 48 48
5 50 -48
277 50 -46
5278 50 -44
59402 50 -42
483603 50 -40
3074888 50 -38
15907495 50 -36
69219235 50 -34
259163759 50 -32
848455725 50 -30
2460577406 50 -28
6388822695 50 -26
14981931999 50 -24
31966025571 50 -22
62457968470 50 -20
112397197824 50 -18
187257285160 50 -16
290191889975 50 -14
420111306379 50 -12
570389655259 50 -10
728810651948 50 -8
878993677013 50 -6
1003068903736 50 -4
1084980162544 50 -2
1113608110340 50 0
1084980162544 50 2
1003068903736 50 4
878993677013 50 6
728810651948 50 8
570389655259 50 10
420111306379 50 12
290191889975 50 14
187257285160 50 16
112397197824 50 18
62457968470 50 20
31966025571 50 22
14981931999 50 24
6388822695 50 26
2460577406 50 28
848455725 50 30
259163759 50 32
69219235 50 34
15907495 50 36
3074888 50 38
483603 50 40
59402 50 42
5278 50 44
277 50 46
5 50 48
38 52 -46
1067 52 -44
14544 52 -42
131616 52 -40
905031 52 -38
4968923 52 -36
22581398 52 -34
87307200 52 -32
292881187 52 -30
864993707 52 -28
2275858049 52 -26
5385969096 52 -24
11558158094 52 -22
22650834226 52 -20
40792151149 52 -18
67894358086 52 -16
104981131646 52 -14
151523521380 52 -12
205034926004 52 -10
261115527296 52 -8
314001884518 52 -6
357509887401 52 -4
386147915382 52 -2
396141707940 52 0
386147915382 52 2
357509887401 52 4
314001884518 52 6
261115527296 52 8
205034926004 52 10
151523521380 52 12
104981131646 52 14
67894358086 52 16
40792151149 52 18
22650834226 52 20
11558158094 52 22
5385969096 52 24
2275858049 52 26
864993707 52 28
292881187 52 30
87307200 52 32
22581398 52 34
4968923 52 36
905031 52 38
131616 52 40
14544 52 42
1067 52 44
38 52 46
1 54 -46
137 54 -44
2886 54 -42
31698 54 -40
240598 54 -38
1421465 54 -36
6815563 54 -34
27396754 54 -32
94634163 54 -30
285698845 54 -28
763697071 54 -26
1827183129 54 -24
3948333113 54 -22
7765948726 54 -20
14000088878 54 -18
23278078610 54 -16
35904738045 54 -14
51649138027 54 -12
69629300371 54 -10
88350967266 54 -8
105905926802 54 -6
120282924566 54 -4
129716728585 54 -2
133003433706 54 0
129716728585 54 2
120282924566 54 4
105905926802 54 6
88350967266 54 8
69629300371 54 10
51649138027 54 12
35904738045 54 14
23278078610 54 16
14000088878 54 18
7765948726 54 20
3948333113 54 22
1827183129 54 24
763697071 54 26
285698845 54 28
94634163 54 30
27396754 54 32
6815563 54 34
1421465 54 36
240598 54 38
31698 54 40
2886 54 42
137 54 44
1 54 46
11 56 -44
421 56 -42
6338 56 -40
56403 56 -38
366249 56 -36
1880734 56 -34
7949887 56 -32
28475581 56 -30
88285400 56 -28
240535251 56 -26
583019113 56 -24
1270201450 56 -22
2509175598 56 -20
4528876307 56 -18
7521309635 56 -16
11568212811 56 -14
16577554807 56 -12
22255055510 56 -10
28125142702 56 -8
33596497823 56 -6
38056483544 56 -4
40973830034 56 -2
41988674082 56 0
40973830034 56 2
38056483544 56 4
33596497823 56 6
28125142702 56 8
22255055510 56 10
16577554807 56 12
11568212811 56 14
7521309635 56 16
4528876307 56 18
2509175598 56 20
1270201450 56 22
583019113 56 24
240535251 56 26
88285400 56 28
28475581 56 30
7949887 56 32
1880734 56 34
366249 56 36
56403 56 38
6338 56 40
421 56 42
11 56 44
36 58 -42
958 58 -40
11305 58 -38
83515 58 -36
468715 58 -34
2115375 58 -32
7933508 58 -30
25401385 58 -28
70805472 58 -26
174304235 58 -24
383408016 58 -22
761060402 58 -20
1375218489 58 -18
2280286001 58 -16
3495266777 58 -14
4986596051 58 -12
6662789299 58 -10
8382981329 58 -8
9976546780 58 -6
11269552335 58 -4
12112906836 58 -2
12405947294 58 0
12112906836 58 2
11269552335 58 4
9976546780 58 6
8382981329 58 8
6662789299 58 10
4986596051 58 12
3495266777 58 14
2280286001 58 16
1375218489 58 18
761060402 58 20
383408016 58 22
174304235 58 24
70805472 58 26
25401385 58 28
7933508 58 30
2115375 58 32
468715 58 34
83515 58 36
11305 58 38
958 58 40
36 58 42
1 60 -42
87 60 -40
1726 60 -38
16473 60 -36
104806 60 -34
512346 60 -32
2033332 60 -30
6768924 60 -28
19386266 60 -26
48603818 60 -24
108087106 60 -22
215670869 60 -20
390061278 60 -18
645315923 60 -16
984894003 60 -14
1397659696 60 -12
1857340315 60 -10
2325351812 60 -8
2756303871 60 -6
3104682029 60 -4
3331438528 60 -2
3410136778 60 0
3331438528 60 2
3104682029 60 4
2756303871 60 6
2325351812 60 8
1857340315 60 10
1397659696 60 12
984894003 60 14
645315923 60 16
390061278 60 18
215670869 60 20
108087106 60 22
48603818 60 24
19386266 60 26
6768924 60 28
2033332 60 30
512346 60 32
104806 60 34
16473 60 36
1726 60 38
87 60 40
1 60 42
4 62 -40
178 62 -38
2678 62 -36
20402 62 -34
110663 62 -32
472457 62 -30
1656277 62 -28
4909101 62 -26
12574455 62 -24
28301069 62 -22
56757265 62 -20
102654380 62 -18
169253017 62 -16
256924108 62 -14
362357396 62 -12
478638320 62 -10
596104857 62 -8
703737661 62 -6
790568349 62 -4
847025243 62 -2
866595916 62 0
847025243 62 2
790568349 62 4
703737661 62 6
596104857 62 8
478638320 62 10
362357396 62 12
256924108 62 14
169253017 62 16
102654380 62 18
56757265 62 20
28301069 62 22
12574455 62 24
4909101 62 26
1656277 62 28
472457 62 30
110663 62 32
20402 62 34
2678 62 36
178 62 38
4 62 40
8 64 -38
275 64 -36
3209 64 -34
20913 64 -32
98743 64 -30
369737 64 -28
1141248 64 -26
2993816 64 -24
6828316 64 -22
13762747 64 -20
24862287 64 -18
40782349 64 -16
61460787 64 -14
85995970 64 -12
112744033 64 -10
139573173 64 -8
164093201 64 -6
183868867 64 -4
196753262 64 -2
201234614 64 0
196753262 64 2
183868867 64 4
164093201 64 6
139573173 64 8
112744033 64 10
85995970 64 12
61460787 64 14
40782349 64 16
24862287 64 18
13762747 64 20
6828316 64 22
2993816 64 24
1141248 64 26
369737 64 28
98743 64 30
20913 64 32
3209 64 34
275 64 36
8 64 38
17 66 -36
424 66 -34
3487 66 -32
18588 66 -30
74920 66 -28
242121 66 -26
651900 66 -24
1505110 66 -22
3042350 66 -20
5476916 66 -18
8918512 66 -16
13322156 66 -14
18476237 66 -12
24039206 66 -10
29595846 66 -8
34671976 66 -6
38767664 66 -4
41444934 66 -2
42380996 66 0
41444934 66 2
38767664 66 4
34671976 66 6
29595846 66 8
24039206 66 10
18476237 66 12
13322156 66 14
8918512 66 16
5476916 66 18
3042350 66 20
1505110 66 22
651900 66 24
242121 66 26
74920 66 28
18588 66 30
3487 66 32
424 66 34
17 66 36
25 68 -34
464 68 -32
3097 68 -30
13442 68 -28
45568 68 -26
127009 68 -24
298228 68 -22
604590 68 -20
1081907 68 -18
1742869 68 -16
2570124 68 -14
3519269 68 -12
4531273 68 -10
5536122 68 -8
6454019 68 -6
7201415 68 -4
7693615 68 -2
7865348 68 0
7693615 68 2
7201415 68 4
6454019 68 6
5536122 68 8
4531273 68 10
3519269 68 12
2570124 68 14
1742869 68 16
1081907 68 18
604590 68 20
298228 68 22
127009 68 24
45568 68 26
13442 68 28
3097 68 30
464 68 32
25 68 34
1 70 -34
40 70 -32
357 70 -30
1933 70 -28
7438 70 -26
21816 70 -24
51791 70 -22
104648 70 -20
186031 70 -18
296617 70 -16
431087 70 -14
582215 70 -12
742663 70 -10
901945 70 -8
1048137 70 -6
1168803 70 -4
1248672 70 -2
1276320 70 0
1248672 70 2
1168803 70 4
1048137 70 6
901945 70 8
742663 70 10
582215 70 12
431087 70 14
296617 70 16
186031 70 18
104648 70 20
51791 70 22
21816 70 24
7438 70 26
1933 70 28
357 70 30
40 70 32
1 70 34
2 72 -32
54 72 -30
335 72 -28
1202 72 -26
3317 72 -24
7779 72 -22
15753 72 -20
27728 72 -18
43092 72 -16
60721 72 -14
79751 72 -12
99492 72 -10
119551 72 -8
138771 72 -6
154169 72 -4
163450 72 -2
166454 72 0
163450 72 2
154169 72 4
138771 72 6
119551 72 8
99492 72 10
79751 72 12
60721 72 14
43092 72 16
27728 72 18
15753 72 20
7779 72 22
3317 72 24
1202 72 26
335 72 28
54 72 30
2 72 32
1 74 -30
12 74 -28
73 74 -26
283 74 -24
793 74 -22
1732 74 -20
3102 74 -18
4780 74 -16
6621 74 -14
8514 74 -12
10454 74 -10
12402 74 -8
13995 74 -6
14962 74 -4
15509 74 -2
15726 74 0
15509 74 2
14962 74 4
13995 74 6
12402 74 8
10454 74 10
8514 74 12
6621 74 14
4780 74 16
3102 74 18
1732 74 20
793 74 22
283 74 24
73 74 26
12 74 28
1 74 30
2 76 -28
13 76 -26
42 76 -24
96 76 -22
179 76 -20
283 76 -18
386 76 -16
471 76 -14
550 76 -12
645 76 -10
731 76 -8
770 76 -6
765 76 -4
730 76 -2
706 76 0
730 76 2
765 76 4
770 76 6
731 76 8
645 76 10
550 76 12
471 76 14
386 76 16
283 76 18
179 76 20
96 76 22
42 76 24
13 76 26
2 76 28
