8
3492
112
9
1 -112 -64
1 -112 64
4 -108 -62
4 -108 62
24 -106 -62
8 -106 -60
8 -106 60
24 -106 62
36 -104 -62
26 -104 -60
12 -104 -58
4 -104 -56
4 -104 56
12 -104 58
26 -104 60
36 -104 62
112 -102 -60
48 -102 -58
16 -102 -56
8 -102 -54
8 -102 -52
8 -102 52
8 -102 54
16 -102 56
48 -102 58
112 -102 60
460 -100 -60
288 -100 -58
108 -100 -56
48 -100 -54
12 -100 -52
16 -100 -50
12 -100 -48
4 -100 -46
4 -100 46
12 -100 48
16 -100 50
12 -100 52
48 -100 54
108 -100 56
288 -100 58
460 -100 60
840 -98 -60
960 -98 -58
552 -98 -56
280 -98 -54
112 -98 -52
72 -98 -50
32 -98 -48
24 -98 -46
24 -98 -44
8 -98 -42
8 -98 -40
8 -98 40
8 -98 42
24 -98 44
24 -98 46
32 -98 48
72 -98 50
112 -98 52
280 -98 54
552 -98 56
960 -98 58
840 -98 60
570 -96 -60
2640 -96 -58
2044 -96 -56
1188 -96 -54
662 -96 -52
396 -96 -50
190 -96 -48
124 -96 -46
80 -96 -44
60 -96 -42
36 -96 -40
28 -96 -38
16 -96 -36
12 -96 -34
8 -96 -32
4 -96 -16
4 -96 0
4 -96 16
8 -96 32
12 -96 34
16 -96 36
28 -96 38
36 -96 40
60 -96 42
80 -96 44
124 -96 46
190 -96 48
396 -96 50
662 -96 52
1188 -96 54
2044 -96 56
2640 -96 58
570 -96 60
6832 -94 -58
6880 -94 -56
4376 -94 -54
2744 -94 -52
1632 -94 -50
1072 -94 -48
744 -94 -46
408 -94 -44
280 -94 -42
160 -94 -40
160 -94 -38
112 -94 -36
64 -94 -34
48 -94 -32
40 -94 -30
32 -94 -28
16 -94 -26
16 -94 -24
8 -94 -22
8 -94 -20
8 -94 -18
8 -94 -14
8 -94 -12
8 -94 -10
8 -94 -8
8 -94 -6
8 -94 -4
8 -94 -2
8 -94 2
8 -94 4
8 -94 6
8 -94 8
8 -94 10
8 -94 12
8 -94 14
8 -94 18
8 -94 20
8 -94 22
16 -94 24
16 -94 26
32 -94 28
40 -94 30
48 -94 32
64 -94 34
112 -94 36
160 -94 38
160 -94 40
280 -94 42
408 -94 44
744 -94 46
1072 -94 48
1632 -94 50
2744 -94 52
4376 -94 54
6880 -94 56
6832 -94 58
12732 -92 -58
20072 -92 -56
15660 -92 -54
10692 -92 -52
6272 -92 -50
4496 -92 -48
2932 -92 -46
2084 -92 -44
1504 -92 -42
1000 -92 -40
680 -92 -38
464 -92 -36
352 -92 -34
280 -92 -32
252 -92 -30
180 -92 -28
148 -92 -26
116 -92 -24
100 -92 -22
84 -92 -20
72 -92 -18
44 -92 -16
60 -92 -14
56 -92 -12
48 -92 -10
56 -92 -8
48 -92 -6
56 -92 -4
56 -92 -2
32 -92 0
56 -92 2
56 -92 4
48 -92 6
56 -92 8
48 -92 10
56 -92 12
60 -92 14
44 -92 16
72 -92 18
84 -92 20
100 -92 22
116 -92 24
148 -92 26
180 -92 28
252 -92 30
280 -92 32
352 -92 34
464 -92 36
680 -92 38
1000 -92 40
1504 -92 42
2084 -92 44
2932 -92 46
4496 -92 48
6272 -92 50
10692 -92 52
15660 -92 54
20072 -92 56
12732 -92 58
12904 -90 -58
45792 -90 -56
47408 -90 -54
35736 -90 -52
24640 -90 -50
17024 -90 -48
11176 -90 -46
8232 -90 -44
6072 -90 -42
4520 -90 -40
3248 -90 -38
2400 -90 -36
1872 -90 -34
1376 -90 -32
1088 -90 -30
808 -90 -28
736 -90 -26
576 -90 -24
544 -90 -22
472 -90 -20
424 -90 -18
408 -90 -16
368 -90 -14
320 -90 -12
296 -90 -10
272 -90 -8
272 -90 -6
272 -90 -4
288 -90 -2
304 -90 0
288 -90 2
272 -90 4
272 -90 6
272 -90 8
296 -90 10
320 -90 12
368 -90 14
408 -90 16
424 -90 18
472 -90 20
544 -90 22
576 -90 24
736 -90 26
808 -90 28
1088 -90 30
1376 -90 32
1872 -90 34
2400 -90 36
3248 -90 38
4520 -90 40
6072 -90 42
8232 -90 44
11176 -90 46
17024 -90 48
24640 -90 50
35736 -90 52
47408 -90 54
45792 -90 56
12904 -90 58
5248 -88 -58
91104 -88 -56
127436 -88 -54
109384 -88 -52
84404 -88 -50
59792 -88 -48
43480 -88 -46
31796 -88 -44
22692 -88 -42
17530 -88 -40
13040 -88 -38
10508 -88 -36
8064 -88 -34
6210 -88 -32
4836 -88 -30
4030 -88 -28
3320 -88 -26
2756 -88 -24
2396 -88 -22
2092 -88 -20
1892 -88 -18
1812 -88 -16
1656 -88 -14
1564 -88 -12
1560 -88 -10
1420 -88 -8
1464 -88 -6
1332 -88 -4
1312 -88 -2
1408 -88 0
1312 -88 2
1332 -88 4
1464 -88 6
1420 -88 8
1560 -88 10
1564 -88 12
1656 -88 14
1812 -88 16
1892 -88 18
2092 -88 20
2396 -88 22
2756 -88 24
3320 -88 26
4030 -88 28
4836 -88 30
6210 -88 32
8064 -88 34
10508 -88 36
13040 -88 38
17530 -88 40
22692 -88 42
31796 -88 44
43480 -88 46
59792 -88 48
84404 -88 50
109384 -88 52
127436 -88 54
91104 -88 56
5248 -88 58
149808 -86 -56
304488 -86 -54
310136 -86 -52
259120 -86 -50
194808 -86 -48
150752 -86 -46
112904 -86 -44
85288 -86 -42
65632 -86 -40
49920 -86 -38
39360 -86 -36
31048 -86 -34
25048 -86 -32
20376 -86 -30
17288 -86 -28
14104 -86 -26
12184 -86 -24
10368 -86 -22
9160 -86 -20
8224 -86 -18
7576 -86 -16
6824 -86 -14
6704 -86 -12
6480 -86 -10
6288 -86 -8
6168 -86 -6
6032 -86 -4
5824 -86 -2
5968 -86 0
5824 -86 2
6032 -86 4
6168 -86 6
6288 -86 8
6480 -86 10
6704 -86 12
6824 -86 14
7576 -86 16
8224 -86 18
9160 -86 20
10368 -86 22
12184 -86 24
14104 -86 26
17288 -86 28
20376 -86 30
25048 -86 32
31048 -86 34
39360 -86 36
49920 -86 38
65632 -86 40
85288 -86 42
112904 -86 44
150752 -86 46
194808 -86 48
259120 -86 50
310136 -86 52
304488 -86 54
149808 -86 56
172644 -84 -56
617296 -84 -54
798724 -84 -52
741944 -84 -50
606664 -84 -48
480044 -84 -46
370616 -84 -44
293680 -84 -42
230500 -84 -40
183728 -84 -38
144152 -84 -36
115892 -84 -34
94884 -84 -32
77972 -84 -30
65468 -84 -28
55040 -84 -26
48136 -84 -24
41640 -84 -22
37336 -84 -20
33776 -84 -18
30804 -84 -16
28456 -84 -14
26972 -84 -12
25432 -84 -10
24744 -84 -8
23780 -84 -6
23836 -84 -4
23676 -84 -2
23376 -84 0
23676 -84 2
23836 -84 4
23780 -84 6
24744 -84 8
25432 -84 10
26972 -84 12
28456 -84 14
30804 -84 16
33776 -84 18
37336 -84 20
41640 -84 22
48136 -84 24
55040 -84 26
65468 -84 28
77972 -84 30
94884 -84 32
115892 -84 34
144152 -84 36
183728 -84 38
230500 -84 40
293680 -84 42
370616 -84 44
480044 -84 46
606664 -84 48
741944 -84 50
798724 -84 52
617296 -84 54
172644 -84 56
115032 -82 -56
1051368 -82 -54
1831656 -82 -52
1946784 -82 -50
1754432 -82 -48
1443728 -82 -46
1169888 -82 -44
942152 -82 -42
755648 -82 -40
617800 -82 -38
500304 -82 -36
411584 -82 -34
340024 -82 -32
281712 -82 -30
236288 -82 -28
203096 -82 -26
176016 -82 -24
154760 -82 -22
138608 -82 -20
125656 -82 -18
115248 -82 -16
108624 -82 -14
101656 -82 -12
96376 -82 -10
93432 -82 -8
89752 -82 -6
88608 -82 -4
87776 -82 -2
86608 -82 0
87776 -82 2
88608 -82 4
89752 -82 6
93432 -82 8
96376 -82 10
101656 -82 12
108624 -82 14
115248 -82 16
125656 -82 18
138608 -82 20
154760 -82 22
176016 -82 24
203096 -82 26
236288 -82 28
281712 -82 30
340024 -82 32
411584 -82 34
500304 -82 36
617800 -82 38
755648 -82 40
942152 -82 42
1169888 -82 44
1443728 -82 46
1754432 -82 48
1946784 -82 50
1831656 -82 52
1051368 -82 54
115032 -82 56
31320 -80 -56
1518684 -80 -54
3749556 -80 -52
4731516 -80 -50
4690314 -80 -48
4113220 -80 -46
3497620 -80 -44
2893528 -80 -42
2382576 -80 -40
1972376 -80 -38
1633312 -80 -36
1365156 -80 -34
1144288 -80 -32
969388 -80 -30
823010 -80 -28
714564 -80 -26
619116 -80 -24
549324 -80 -22
490498 -80 -20
444828 -80 -18
409498 -80 -16
383632 -80 -14
360394 -80 -12
344896 -80 -10
333352 -80 -8
324036 -80 -6
316902 -80 -4
313188 -80 -2
311286 -80 0
313188 -80 2
316902 -80 4
324036 -80 6
333352 -80 8
344896 -80 10
360394 -80 12
383632 -80 14
409498 -80 16
444828 -80 18
490498 -80 20
549324 -80 22
619116 -80 24
714564 -80 26
823010 -80 28
969388 -80 30
1144288 -80 32
1365156 -80 34
1633312 -80 36
1972376 -80 38
2382576 -80 40
2893528 -80 42
3497620 -80 44
4113220 -80 46
4690314 -80 48
4731516 -80 50
3749556 -80 52
1518684 -80 54
31320 -80 56
1743320 -78 -54
6721608 -78 -52
10550656 -78 -50
11658624 -78 -48
11053568 -78 -46
9807856 -78 -44
8417736 -78 -42
7162576 -78 -40
6039720 -78 -38
5112272 -78 -36
4320200 -78 -34
3677992 -78 -32
3160144 -78 -30
2726808 -78 -28
2376032 -78 -26
2086072 -78 -24
1859008 -78 -22
1668016 -78 -20
1518176 -78 -18
1399584 -78 -16
1302400 -78 -14
1227584 -78 -12
1173576 -78 -10
1126760 -78 -8
1101256 -78 -6
1076304 -78 -4
1065888 -78 -2
1062320 -78 0
1065888 -78 2
1076304 -78 4
1101256 -78 6
1126760 -78 8
1173576 -78 10
1227584 -78 12
1302400 -78 14
1399584 -78 16
1518176 -78 18
1668016 -78 20
1859008 -78 22
2086072 -78 24
2376032 -78 26
2726808 -78 28
3160144 -78 30
3677992 -78 32
4320200 -78 34
5112272 -78 36
6039720 -78 38
7162576 -78 40
8417736 -78 42
9807856 -78 44
11053568 -78 46
11658624 -78 48
10550656 -78 50
6721608 -78 52
1743320 -78 54
1401656 -76 -54
10313996 -76 -52
21258068 -76 -50
26972696 -76 -48
27986856 -76 -46
26108796 -76 -44
23346020 -76 -42
20442268 -76 -40
17674812 -76 -38
15300156 -76 -36
13168152 -76 -34
11378576 -76 -32
9874872 -76 -30
8622408 -76 -28
7564632 -76 -26
6720900 -76 -24
6013160 -76 -22
5434696 -76 -20
4968088 -76 -18
4588952 -76 -16
4279104 -76 -14
4043464 -76 -12
3853096 -76 -10
3698180 -76 -8
3600112 -76 -6
3524444 -76 -4
3482228 -76 -2
3473864 -76 0
3482228 -76 2
3524444 -76 4
3600112 -76 6
3698180 -76 8
3853096 -76 10
4043464 -76 12
4279104 -76 14
4588952 -76 16
4968088 -76 18
5434696 -76 20
6013160 -76 22
6720900 -76 24
7564632 -76 26
8622408 -76 28
9874872 -76 30
11378576 -76 32
13168152 -76 34
15300156 -76 36
17674812 -76 38
20442268 -76 40
23346020 -76 42
26108796 -76 44
27986856 -76 46
26972696 -76 48
21258068 -76 50
10313996 -76 52
1401656 -76 54
663336 -74 -54
13468224 -74 -52
38362024 -74 -50
57755808 -74 -48
66254264 -74 -46
66029424 -74 -44
61787992 -74 -42
55772808 -74 -40
49544944 -74 -38
43693176 -74 -36
38396984 -74 -34
33727720 -74 -32
29666888 -74 -30
26214272 -74 -28
23243160 -74 -26
20803968 -74 -24
18717872 -74 -22
17028448 -74 -20
15621896 -74 -18
14466560 -74 -16
13535656 -74 -14
12803728 -74 -12
12203824 -74 -10
11754632 -74 -8
11411536 -74 -6
11185192 -74 -4
11039736 -74 -2
11003472 -74 0
11039736 -74 2
11185192 -74 4
11411536 -74 6
11754632 -74 8
12203824 -74 10
12803728 -74 12
13535656 -74 14
14466560 -74 16
15621896 -74 18
17028448 -74 20
18717872 -74 22
20803968 -74 24
23243160 -74 26
26214272 -74 28
29666888 -74 30
33727720 -74 32
38396984 -74 34
43693176 -74 36
49544944 -74 38
55772808 -74 40
61787992 -74 42
66029424 -74 44
66254264 -74 46
57755808 -74 48
38362024 -74 50
13468224 -74 52
663336 -74 54
127960 -72 -54
14673094 -72 -52
61425616 -72 -50
113782096 -72 -48
146536668 -72 -46
158121562 -72 -44
155592380 -72 -42
145849478 -72 -40
133350380 -72 -38
120098932 -72 -36
107629564 -72 -34
96089840 -72 -32
85758536 -72 -30
76753034 -72 -28
68875168 -72 -26
62114000 -72 -24
56350804 -72 -22
51546896 -72 -20
47487904 -72 -18
44137162 -72 -16
41401148 -72 -14
39186570 -72 -12
37414816 -72 -10
36100452 -72 -8
35049620 -72 -6
34383808 -72 -4
33964652 -72 -2
33826744 -72 0
33964652 -72 2
34383808 -72 4
35049620 -72 6
36100452 -72 8
37414816 -72 10
39186570 -72 12
41401148 -72 14
44137162 -72 16
47487904 -72 18
51546896 -72 20
56350804 -72 22
62114000 -72 24
68875168 -72 26
76753034 -72 28
85758536 -72 30
96089840 -72 32
107629564 -72 34
120098932 -72 36
133350380 -72 38
145849478 -72 40
155592380 -72 42
158121562 -72 44
146536668 -72 46
113782096 -72 48
61425616 -72 50
14673094 -72 52
127960 -72 54
12505808 -70 -52
85979408 -70 -50
204205968 -70 -48
302354992 -70 -46
357126152 -70 -44
372611968 -70 -42
364606616 -70 -40
344097208 -70 -38
317904824 -70 -36
290744528 -70 -34
264004744 -70 -32
239155872 -70 -30
216672456 -70 -28
196766096 -70 -26
179085496 -70 -24
163953144 -70 -22
150848016 -70 -20
139753168 -70 -18
130473888 -70 -16
122764800 -70 -14
116414552 -70 -12
111380216 -70 -10
107467464 -70 -8
104467704 -70 -6
102468304 -70 -4
101289040 -70 -2
100860480 -70 0
101289040 -70 2
102468304 -70 4
104467704 -70 6
107467464 -70 8
111380216 -70 10
116414552 -70 12
122764800 -70 14
130473888 -70 16
139753168 -70 18
150848016 -70 20
163953144 -70 22
179085496 -70 24
196766096 -70 26
216672456 -70 28
239155872 -70 30
264004744 -70 32
290744528 -70 34
317904824 -70 36
344097208 -70 38
364606616 -70 40
372611968 -70 42
357126152 -70 44
302354992 -70 46
204205968 -70 48
85979408 -70 50
12505808 -70 52
7459908 -68 -52
103717080 -68 -50
330522348 -68 -48
578791444 -68 -46
758281568 -68 -44
848409384 -68 -42
871349552 -68 -40
851880548 -68 -38
809526556 -68 -36
756608472 -68 -34
700234552 -68 -32
644511264 -68 -30
591683528 -68 -28
543496996 -68 -26
499814432 -68 -24
461421540 -68 -22
427660440 -68 -20
398688460 -68 -18
374005148 -68 -16
353242212 -68 -14
336026856 -68 -12
322213616 -68 -10
311165396 -68 -8
303010516 -68 -6
297185048 -68 -4
293878044 -68 -2
292685368 -68 0
293878044 -68 2
297185048 -68 4
303010516 -68 6
311165396 -68 8
322213616 -68 10
336026856 -68 12
353242212 -68 14
374005148 -68 16
398688460 -68 18
427660440 -68 20
461421540 -68 22
499814432 -68 24
543496996 -68 26
591683528 -68 28
644511264 -68 30
700234552 -68 32
756608472 -68 34
809526556 -68 36
851880548 -68 38
871349552 -68 40
848409384 -68 42
758281568 -68 44
578791444 -68 46
330522348 -68 48
103717080 -68 50
7459908 -68 52
2613440 -66 -52
106589048 -66 -50
478718448 -66 -48
1021547496 -66 -46
1508629928 -66 -44
1831216000 -66 -42
1988078096 -66 -40
2023798856 -66 -38
1983418752 -66 -36
1898419360 -66 -34
1792905144 -66 -32
1678482304 -66 -30
1563606360 -66 -28
1453756168 -66 -26
1351791576 -66 -24
1258834928 -66 -22
1176145616 -66 -20
1103603768 -66 -18
1040688040 -66 -16
987176544 -66 -14
942460720 -66 -12
905920280 -66 -10
876726928 -66 -8
855063000 -66 -6
839442880 -66 -4
830396840 -66 -2
827409936 -66 0
830396840 -66 2
839442880 -66 4
855063000 -66 6
876726928 -66 8
905920280 -66 10
942460720 -66 12
987176544 -66 14
1040688040 -66 16
1103603768 -66 18
1176145616 -66 20
1258834928 -66 22
1351791576 -66 24
1453756168 -66 26
1563606360 -66 28
1678482304 -66 30
1792905144 -66 32
1898419360 -66 34
1983418752 -66 36
2023798856 -66 38
1988078096 -66 40
1831216000 -66 42
1508629928 -66 44
1021547496 -66 46
478718448 -66 48
106589048 -66 50
2613440 -66 52
368868 -64 -52
90573512 -64 -50
614492962 -64 -48
1650152568 -64 -46
2802403128 -64 -44
3733403180 -64 -42
4320963194 -64 -40
4607335920 -64 -38
4674235670 -64 -36
4596731428 -64 -34
4435807056 -64 -32
4228390508 -64 -30
4000323708 -64 -28
3768561148 -64 -26
3544712680 -64 -24
3333377660 -64 -22
3140513010 -64 -20
2967338920 -64 -18
2814701294 -64 -16
2682972916 -64 -14
2571455602 -64 -12
2479004116 -64 -10
2405249810 -64 -8
2349062912 -64 -6
2309523446 -64 -4
2285886700 -64 -2
2278470936 -64 0
2285886700 -64 2
2309523446 -64 4
2349062912 -64 6
2405249810 -64 8
2479004116 -64 10
2571455602 -64 12
2682972916 -64 14
2814701294 -64 16
2967338920 -64 18
3140513010 -64 20
3333377660 -64 22
3544712680 -64 24
3768561148 -64 26
4000323708 -64 28
4228390508 -64 30
4435807056 -64 32
4596731428 -64 34
4674235670 -64 36
4607335920 -64 38
4320963194 -64 40
3733403180 -64 42
2802403128 -64 44
1650152568 -64 46
614492962 -64 48
90573512 -64 50
368868 -64 52
59628832 -62 -50
690867984 -62 -48
2420645928 -62 -46
4838856016 -62 -44
7166640280 -62 -42
8928327504 -62 -40
10033918240 -62 -38
10585239224 -62 -36
10731338176 -62 -34
10604849360 -62 -32
10309243904 -62 -30
9915669528 -62 -28
9473004024 -62 -26
9017626456 -62 -24
8569990480 -62 -22
8146282096 -62 -20
7755459520 -62 -18
7404404000 -62 -16
7095398616 -62 -14
6829986464 -62 -12
6607297336 -62 -10
6428169576 -62 -8
6289243008 -62 -6
6192255872 -62 -4
6133652952 -62 -2
6114704032 -62 0
6133652952 -62 2
6192255872 -62 4
6289243008 -62 6
6428169576 -62 8
6607297336 -62 10
6829986464 -62 12
7095398616 -62 14
7404404000 -62 16
7755459520 -62 18
8146282096 -62 20
8569990480 -62 22
9017626456 -62 24
9473004024 -62 26
9915669528 -62 28
10309243904 -62 30
10604849360 -62 32
10731338176 -62 34
10585239224 -62 36
10033918240 -62 38
8928327504 -62 40
7166640280 -62 42
4838856016 -62 44
2420645928 -62 46
690867984 -62 48
59628832 -62 50
27320520 -60 -50
672049384 -60 -48
3201409636 -60 -46
7721532912 -60 -44
12908349756 -60 -42
17491364788 -60 -40
20867391640 -60 -38
23008583888 -60 -36
24129019912 -60 -34
24485855484 -60 -32
24322794796 -60 -30
23817193804 -60 -28
23100393984 -60 -26
22272425952 -60 -24
21403796488 -60 -22
20539307560 -60 -20
19714507716 -60 -18
18952682084 -60 -16
18266775664 -60 -14
17667053056 -60 -12
17157777092 -60 -10
16742101284 -60 -8
16418249940 -60 -6
16189083092 -60 -4
16051428416 -60 -2
16004917296 -60 0
16051428416 -60 2
16189083092 -60 4
16418249940 -60 6
16742101284 -60 8
17157777092 -60 10
17667053056 -60 12
18266775664 -60 14
18952682084 -60 16
19714507716 -60 18
20539307560 -60 20
21403796488 -60 22
22272425952 -60 24
23100393984 -60 26
23817193804 -60 28
24322794796 -60 30
24485855484 -60 32
24129019912 -60 34
23008583888 -60 36
20867391640 -60 38
17491364788 -60 40
12908349756 -60 42
7721532912 -60 44
3201409636 -60 46
672049384 -60 48
27320520 -60 50
7251488 -58 -50
556207328 -58 -48
3790338920 -58 -46
11320562064 -58 -44
21734729176 -58 -42
32388861640 -58 -40
41353839712 -58 -38
47931550072 -58 -36
52205669088 -58 -34
54572945824 -58 -32
55509745096 -58 -30
55424807576 -58 -28
54645242896 -58 -26
53420190472 -58 -24
51946973280 -58 -22
50357048800 -58 -20
48757541944 -58 -18
47219594040 -58 -16
45795447840 -58 -14
44520573592 -58 -12
43420520184 -58 -10
42506907496 -58 -8
41792559376 -58 -6
41278512968 -58 -4
40971223816 -58 -2
40866283744 -58 0
40971223816 -58 2
41278512968 -58 4
41792559376 -58 6
42506907496 -58 8
43420520184 -58 10
44520573592 -58 12
45795447840 -58 14
47219594040 -58 16
48757541944 -58 18
50357048800 -58 20
51946973280 -58 22
53420190472 -58 24
54645242896 -58 26
55424807576 -58 28
55509745096 -58 30
54572945824 -58 32
52205669088 -58 34
47931550072 -58 36
41353839712 -58 38
32388861640 -58 40
21734729176 -58 42
11320562064 -58 44
3790338920 -58 46
556207328 -58 48
7251488 -58 50
763144 -56 -50
378011112 -56 -48
3982997684 -56 -46
15158315412 -56 -44
34065251092 -56 -42
56506520466 -56 -40
77895124856 -56 -38
95510601132 -56 -36
108547005536 -56 -34
117291182290 -56 -32
122472830964 -56 -30
124923872062 -56 -28
125373478360 -56 -26
124412225282 -56 -24
122523710892 -56 -22
120074531430 -56 -20
117342969872 -56 -18
114541713792 -56 -16
111832043468 -56 -14
109325209182 -56 -12
107108587644 -56 -10
105232340724 -56 -8
103746312196 -56 -6
102665201374 -56 -4
102014383460 -56 -2
101795824716 -56 0
102014383460 -56 2
102665201374 -56 4
103746312196 -56 6
105232340724 -56 8
107108587644 -56 10
109325209182 -56 12
111832043468 -56 14
114541713792 -56 16
117342969872 -56 18
120074531430 -56 20
122523710892 -56 22
124412225282 -56 24
125373478360 -56 26
124923872062 -56 28
122472830964 -56 30
117291182290 -56 32
108547005536 -56 34
95510601132 -56 36
77895124856 -56 38
56506520466 -56 40
34065251092 -56 42
15158315412 -56 44
3982997684 -56 46
378011112 -56 48
763144 -56 50
197239544 -54 -48
3675390704 -54 -46
18427977600 -54 -44
49467080768 -54 -42
92581704888 -54 -40
139098091816 -54 -38
181678969000 -54 -36
216548482456 -54 -34
242782301688 -54 -32
261008111344 -54 -30
272569897592 -54 -28
278897929088 -54 -26
281283407448 -54 -24
280827016088 -54 -22
278440678200 -54 -20
274823586824 -54 -18
270540825264 -54 -16
266031912048 -54 -14
261623226960 -54 -12
257566670384 -54 -10
254044121824 -54 -8
251188923376 -54 -6
249090217416 -54 -4
247807982320 -54 -2
247382738304 -54 0
247807982320 -54 2
249090217416 -54 4
251188923376 -54 6
254044121824 -54 8
257566670384 -54 10
261623226960 -54 12
266031912048 -54 14
270540825264 -54 16
274823586824 -54 18
278440678200 -54 20
280827016088 -54 22
281283407448 -54 24
278897929088 -54 26
272569897592 -54 28
261008111344 -54 30
242782301688 -54 32
216548482456 -54 34
181678969000 -54 36
139098091816 -54 38
92581704888 -54 40
49467080768 -54 42
18427977600 -54 44
3675390704 -54 46
197239544 -54 48
70792352 -52 -48
2939897308 -52 -46
20223376684 -52 -44
66238505904 -52 -42
141957673568 -52 -40
234821330076 -52 -38
329169882556 -52 -36
413776385096 -52 -34
483320151768 -52 -32
536697413980 -52 -30
575218981308 -52 -28
601199555500 -52 -26
617133179488 -52 -24
625326195732 -52 -22
627824965080 -52 -20
626309090740 -52 -18
622153243700 -52 -16
616462980816 -52 -14
610121279632 -52 -12
603795011416 -52 -10
598025919452 -52 -8
593172631736 -52 -6
589533397348 -52 -4
587270529128 -52 -2
586513293840 -52 0
587270529128 -52 2
589533397348 -52 4
593172631736 -52 6
598025919452 -52 8
603795011416 -52 10
610121279632 -52 12
616462980816 -52 14
622153243700 -52 16
626309090740 -52 18
627824965080 -52 20
625326195732 -52 22
617133179488 -52 24
601199555500 -52 26
575218981308 -52 28
536697413980 -52 30
483320151768 -52 32
413776385096 -52 34
329169882556 -52 36
234821330076 -52 38
141957673568 -52 40
66238505904 -52 42
20223376684 -52 44
2939897308 -52 46
70792352 -52 48
14416240 -50 -48
1995986576 -50 -46
19904185992 -50 -44
81408718144 -50 -42
202946900912 -50 -40
373675213816 -50 -38
566709556944 -50 -36
755835313192 -50 -34
924015761864 -50 -32
1063499313328 -50 -30
1172973930688 -50 -28
1254862074120 -50 -26
1313156340640 -50 -24
1352169799920 -50 -22
1376063671280 -50 -20
1388547116152 -50 -18
1392761763408 -50 -16
1391324268080 -50 -14
1386406204944 -50 -12
1379701888616 -50 -10
1372589802824 -50 -8
1366069071320 -50 -6
1360916590392 -50 -4
1357622479696 -50 -2
1356486337408 -50 0
1357622479696 -50 2
1360916590392 -50 4
1366069071320 -50 6
1372589802824 -50 8
1379701888616 -50 10
1386406204944 -50 12
1391324268080 -50 14
1392761763408 -50 16
1388547116152 -50 18
1376063671280 -50 20
1352169799920 -50 22
1313156340640 -50 24
1254862074120 -50 26
1172973930688 -50 28
1063499313328 -50 30
924015761864 -50 32
755835313192 -50 34
566709556944 -50 36
373675213816 -50 38
202946900912 -50 40
81408718144 -50 42
19904185992 -50 44
1995986576 -50 46
14416240 -50 48
1143638 -48 -48
1104724440 -48 -46
17425298800 -48 -44
91411062180 -48 -42
269499703866 -48 -40
558862041432 -48 -38
924824392880 -48 -36
1317208657532 -48 -34
1693668119556 -48 -32
2028058806676 -48 -30
2308644189550 -48 -28
2533882683712 -48 -26
2707961687606 -48 -24
2837635620160 -48 -22
2930417330624 -48 -20
2993714329876 -48 -18
3034193996482 -48 -16
3057673119404 -48 -14
3069071317214 -48 -12
3072479282524 -48 -10
3071124242358 -48 -8
3067599878016 -48 -6
3063770722336 -48 -4
3060982236288 -48 -2
3059940454094 -48 0
3060982236288 -48 2
3063770722336 -48 4
3067599878016 -48 6
3071124242358 -48 8
3072479282524 -48 10
3069071317214 -48 12
3057673119404 -48 14
3034193996482 -48 16
2993714329876 -48 18
2930417330624 -48 20
2837635620160 -48 22
2707961687606 -48 24
2533882683712 -48 26
2308644189550 -48 28
2028058806676 -48 30
1693668119556 -48 32
1317208657532 -48 34
924824392880 -48 36
558862041432 -48 38
269499703866 -48 40
91411062180 -48 42
17425298800 -48 44
1104724440 -48 46
1143638 -48 48
464393520 -46 -46
13424598184 -46 -44
93335733952 -46 -42
331172965040 -46 -40
783148030184 -46 -38
1426993277904 -46 -36
2185360375848 -46 -34
2971040529280 -46 -32
3716346092688 -46 -30
4380290270856 -46 -28
4944750318200 -46 -26
5407466987800 -46 -24
5775386304992 -46 -22
6059817006024 -46 -20
6273777084280 -46 -18
6430191626416 -46 -16
6540975555792 -46 -14
6616616893672 -46 -12
6666183302504 -46 -10
6697011552400 -46 -8
6715106207768 -46 -6
6724884100528 -46 -4
6729537225312 -46 -2
6730876074000 -46 0
6729537225312 -46 2
6724884100528 -46 4
6715106207768 -46 6
6697011552400 -46 8
6666183302504 -46 10
6616616893672 -46 12
6540975555792 -46 14
6430191626416 -46 16
6273777084280 -46 18
6059817006024 -46 20
5775386304992 -46 22
5407466987800 -46 24
4944750318200 -46 26
4380290270856 -46 28
3716346092688 -46 30
2971040529280 -46 32
2185360375848 -46 34
1426993277904 -46 36
783148030184 -46 38
331172965040 -46 40
93335733952 -46 42
13424598184 -46 44
464393520 -46 46
131898244 -44 -46
8967290496 -44 -44
86216545268 -44 -42
375230892004 -44 -40
1025133839792 -44 -38
2076535071704 -44 -36
3444213861444 -44 -34
4978756223672 -44 -32
6533927634144 -44 -30
8001091562628 -44 -28
9314831267936 -44 -26
10446063638516 -44 -24
11390784854380 -44 -22
12159883837584 -44 -20
12772092586656 -44 -18
13249440529660 -44 -16
13614106430620 -44 -14
13886876652680 -44 -12
14086244327596 -44 -10
14228032421268 -44 -8
14325090318204 -44 -6
14387394672692 -44 -4
14421946381072 -44 -2
14433055137520 -44 0
14421946381072 -44 2
14387394672692 -44 4
14325090318204 -44 6
14228032421268 -44 8
14086244327596 -44 10
13886876652680 -44 12
13614106430620 -44 14
13249440529660 -44 16
12772092586656 -44 18
12159883837584 -44 20
11390784854380 -44 22
10446063638516 -44 24
9314831267936 -44 26
8001091562628 -44 28
6533927634144 -44 30
4978756223672 -44 32
3444213861444 -44 34
2076535071704 -44 36
1025133839792 -44 38
375230892004 -44 40
86216545268 -44 42
8967290496 -44 44
131898244 -44 46
20730352 -42 -46
5065594496 -42 -44
71590965088 -42 -42
390601362360 -42 -40
1249687880792 -42 -38
2842472567840 -42 -36
5145098974112 -42 -34
7954939065936 -42 -32
11003931236208 -42 -30
14050340678544 -42 -28
16918131378736 -42 -26
19501290011424 -42 -24
21751178782472 -42 -22
23659177831656 -42 -20
25241450892728 -42 -18
26528080406320 -42 -16
27555210877736 -42 -14
28359958411216 -42 -12
28977215048880 -42 -10
29438282259992 -42 -8
29769187363904 -42 -6
29990710811408 -42 -4
30117617759448 -42 -2
30158972163520 -42 0
30117617759448 -42 2
29990710811408 -42 4
29769187363904 -42 6
29438282259992 -42 8
28977215048880 -42 10
28359958411216 -42 12
27555210877736 -42 14
26528080406320 -42 16
25241450892728 -42 18
23659177831656 -42 20
21751178782472 -42 22
19501290011424 -42 24
16918131378736 -42 26
14050340678544 -42 28
11003931236208 -42 30
7954939065936 -42 32
5145098974112 -42 34
2842472567840 -42 36
1249687880792 -42 38
390601362360 -42 40
71590965088 -42 42
5065594496 -42 44
20730352 -42 46
1247116 -40 -46
2312395792 -40 -44
52985986420 -40 -42
372161464894 -40 -40
1414640539668 -40 -38
3650854894682 -40 -36
7269053790380 -40 -34
12095261391044 -40 -32
17721653706484 -40 -30
23685598620584 -40 -28
29588668099292 -40 -26
35143276746088 -40 -24
40173922322752 -40 -22
44596188427600 -40 -20
48390032501764 -40 -18
51577096964900 -40 -16
54203163341456 -40 -14
56325039005732 -40 -12
58001885917088 -40 -10
59289739963446 -40 -8
60237575843724 -40 -6
60885263106936 -40 -4
61262038042368 -40 -2
61385573882888 -40 0
61262038042368 -40 2
60885263106936 -40 4
60237575843724 -40 6
59289739963446 -40 8
58001885917088 -40 10
56325039005732 -40 12
54203163341456 -40 14
51577096964900 -40 16
48390032501764 -40 18
44596188427600 -40 20
40173922322752 -40 22
35143276746088 -40 24
29588668099292 -40 26
23685598620584 -40 28
17721653706484 -40 30
12095261391044 -40 32
7269053790380 -40 34
3650854894682 -40 36
1414640539668 -40 38
372161464894 -40 40
52985986420 -40 42
2312395792 -40 44
1247116 -40 46
790550688 -38 -44
34552121384 -38 -42
323219269176 -38 -40
1482865114472 -38 -38
4389052846304 -38 -36
9691736693944 -38 -34
17466865892336 -38 -32
27245718459256 -38 -30
38272677193896 -38 -28
49764401908712 -38 -26
61063314788664 -38 -24
71694730787088 -38 -22
81362366346432 -38 -20
89914335201208 -38 -18
97303488226824 -38 -16
103552276112216 -38 -14
108724205426984 -38 -12
112902703237880 -38 -10
116175621065784 -38 -8
118625617030088 -38 -6
120322400886216 -38 -4
121318788000688 -38 -2
121647126090272 -38 0
121318788000688 -38 2
120322400886216 -38 4
118625617030088 -38 6
116175621065784 -38 8
112902703237880 -38 10
108724205426984 -38 12
103552276112216 -38 14
97303488226824 -38 16
89914335201208 -38 18
81362366346432 -38 20
71694730787088 -38 22
61063314788664 -38 24
49764401908712 -38 26
38272677193896 -38 28
27245718459256 -38 30
17466865892336 -38 32
9691736693944 -38 34
4389052846304 -38 36
1482865114472 -38 38
323219269176 -38 40
34552121384 -38 42
790550688 -38 44
178317448 -36 -44
19512572728 -36 -42
254590547108 -36 -40
1435353294076 -36 -38
4927328985424 -36 -36
12168840442864 -36 -34
23911698770600 -36 -32
39919456620160 -36 -30
59188336527336 -36 -28
80379050980280 -36 -26
102176606242044 -36 -24
123492375724992 -36 -22
143533661055460 -36 -20
161790069811716 -36 -18
177981019575732 -36 -16
191995984831180 -36 -14
203839499696296 -36 -12
213585539398920 -36 -10
221341768895056 -36 -8
227225026390680 -36 -6
231341684214732 -36 -4
233775936958400 -36 -2
234581261550616 -36 0
233775936958400 -36 2
231341684214732 -36 4
227225026390680 -36 6
221341768895056 -36 8
213585539398920 -36 10
203839499696296 -36 12
191995984831180 -36 14
177981019575732 -36 16
161790069811716 -36 18
143533661055460 -36 20
123492375724992 -36 22
102176606242044 -36 24
80379050980280 -36 26
59188336527336 -36 28
39919456620160 -36 30
23911698770600 -36 32
12168840442864 -36 34
4927328985424 -36 36
1435353294076 -36 38
254590547108 -36 40
19512572728 -36 42
178317448 -36 44
21668416 -34 -44
9268512304 -34 -42
180665313920 -34 -40
1279221703336 -34 -38
5154204070216 -34 -36
14359934361816 -34 -34
30974417844576 -34 -32
55645336904056 -34 -30
87469824600704 -34 -28
124508097282496 -34 -26
164443185295240 -34 -24
205076063801576 -34 -22
244594380966872 -34 -20
281658671353104 -34 -18
315373806131816 -34 -16
345210555991616 -34 -14
370914612704488 -34 -12
392419926886672 -34 -10
409776388791552 -34 -8
423092078544648 -34 -6
432490919584728 -34 -4
438081180414840 -34 -2
439936277805312 -34 0
438081180414840 -34 2
432490919584728 -34 4
423092078544648 -34 6
409776388791552 -34 8
392419926886672 -34 10
370914612704488 -34 12
345210555991616 -34 14
315373806131816 -34 16
281658671353104 -34 18
244594380966872 -34 20
205076063801576 -34 22
164443185295240 -34 24
124508097282496 -34 26
87469824600704 -34 28
55645336904056 -34 30
30974417844576 -34 32
14359934361816 -34 34
5154204070216 -34 36
1279221703336 -34 38
180665313920 -34 40
9268512304 -34 42
21668416 -34 44
991750 -32 -44
3518964732 -32 -42
114448777838 -32 -40
1046195264444 -32 -38
5013042455246 -32 -36
15896393249624 -32 -34
37899348926000 -32 -32
73674660769964 -32 -30
123337216720232 -32 -28
184705529377864 -32 -26
254229696225708 -32 -24
327954698432676 -32 -22
402204621820856 -32 -20
473942925880244 -32 -18
540879447273832 -32 -16
601422796121780 -32 -14
654562469754882 -32 -12
699729318491020 -32 -10
736663419291694 -32 -8
765297568151132 -32 -6
785669198908522 -32 -4
797850473794472 -32 -2
801903190983496 -32 0
797850473794472 -32 2
785669198908522 -32 4
765297568151132 -32 6
736663419291694 -32 8
699729318491020 -32 10
654562469754882 -32 12
601422796121780 -32 14
540879447273832 -32 16
473942925880244 -32 18
402204621820856 -32 20
327954698432676 -32 22
254229696225708 -32 24
184705529377864 -32 26
123337216720232 -32 28
73674660769964 -32 30
37899348926000 -32 32
15896393249624 -32 34
5013042455246 -32 36
1046195264444 -32 38
114448777838 -32 40
3518964732 -32 42
991750 -32 44
982157784 -30 -42
63885314608 -30 -40
781999614640 -30 -38
4523846791736 -30 -36
16479205820480 -30 -34
43730876710432 -30 -32
92507680486056 -30 -30
165693331473192 -30 -28
262055927376248 -30 -26
377080236609240 -30 -24
504467055314200 -30 -22
637516481469296 -30 -20
770073866939480 -30 -18
897018696939904 -30 -16
1014400946018504 -30 -14
1119367439710648 -30 -12
1209987048711624 -30 -10
1285040893597448 -30 -8
1343820592036048 -30 -6
1385955455218848 -30 -4
1411277415108840 -30 -2
1419722681288784 -30 0
1411277415108840 -30 2
1385955455218848 -30 4
1343820592036048 -30 6
1285040893597448 -30 8
1209987048711624 -30 10
1119367439710648 -30 12
1014400946018504 -30 14
897018696939904 -30 16
770073866939480 -30 18
637516481469296 -30 20
504467055314200 -30 22
377080236609240 -30 24
262055927376248 -30 26
165693331473192 -30 28
92507680486056 -30 30
43730876710432 -30 32
16479205820480 -30 34
4523846791736 -30 36
781999614640 -30 38
63885314608 -30 40
982157784 -30 42
175772808 -28 -42
30800693340 -28 -40
531412340356 -28 -38
3779106968600 -28 -36
15972193073000 -28 -34
47514329852536 -28 -32
109996686820780 -28 -30
211779194440948 -28 -28
355107688285844 -28 -26
535914037958952 -28 -24
745533521748724 -28 -22
972996391292984 -28 -20
1206998944094760 -28 -18
1437218139212332 -28 -16
1654979815570696 -28 -14
1853445200876048 -28 -12
2027504950822252 -28 -10
2173523095237608 -28 -8
2289036189741312 -28 -6
2372458456069060 -28 -4
2422840434596408 -28 -2
2439685217410576 -28 0
2422840434596408 -28 2
2372458456069060 -28 4
2289036189741312 -28 6
2173523095237608 -28 8
2027504950822252 -28 10
1853445200876048 -28 12
1654979815570696 -28 14
1437218139212332 -28 16
1206998944094760 -28 18
972996391292984 -28 20
745533521748724 -28 22
535914037958952 -28 24
355107688285844 -28 26
211779194440948 -28 28
109996686820780 -28 30
47514329852536 -28 32
15972193073000 -28 34
3779106968600 -28 36
531412340356 -28 38
30800693340 -28 40
175772808 -28 42
16506080 -26 -42
12395641072 -26 -40
325931664296 -26 -38
2914693057688 -26 -36
14451292296912 -26 -34
48546276246400 -26 -32
123694852137296 -26 -30
257195846374304 -26 -28
459015379377280 -26 -26
728925792172304 -26 -24
1057351822443040 -26 -22
1428367238771352 -26 -20
1823105428644248 -26 -18
2222556352884696 -26 -16
2609404697674112 -26 -14
2968963945350640 -26 -12
3289448918409336 -26 -10
3561839407709624 -26 -8
3779534993380008 -26 -6
3937941158281488 -26 -4
4034084029623080 -26 -2
4066308676071280 -26 0
4034084029623080 -26 2
3937941158281488 -26 4
3779534993380008 -26 6
3561839407709624 -26 8
3289448918409336 -26 10
2968963945350640 -26 12
2609404697674112 -26 14
2222556352884696 -26 16
1823105428644248 -26 18
1428367238771352 -26 20
1057351822443040 -26 22
728925792172304 -26 24
459015379377280 -26 26
257195846374304 -26 28
123694852137296 -26 30
48546276246400 -26 32
14451292296912 -26 34
2914693057688 -26 36
325931664296 -26 38
12395641072 -26 40
16506080 -26 42
576052 -24 -42
3932325692 -24 -40
178597322208 -24 -38
2068705432488 -24 -36
12186308098664 -24 -34
46585932904762 -24 -32
131397034259540 -24 -30
296439083562526 -24 -28
565306887638600 -24 -26
947756029693640 -24 -24
1437497227110844 -24 -22
2014735610175046 -24 -20
2651013310583668 -24 -18
3314208137067680 -24 -16
3972509562896692 -24 -14
4597012394524754 -24 -12
5163065085812236 -24 -10
5650710384405488 -24 -8
6044554551840732 -24 -6
6333357302931664 -24 -4
6509535714578412 -24 -2
6568734878378012 -24 0
6509535714578412 -24 2
6333357302931664 -24 4
6044554551840732 -24 6
5650710384405488 -24 8
5163065085812236 -24 10
4597012394524754 -24 12
3972509562896692 -24 14
3314208137067680 -24 16
2651013310583668 -24 18
2014735610175046 -24 20
1437497227110844 -24 22
947756029693640 -24 24
565306887638600 -24 26
296439083562526 -24 28
131397034259540 -24 30
46585932904762 -24 32
12186308098664 -24 34
2068705432488 -24 36
178597322208 -24 38
3932325692 -24 40
576052 -24 42
895297496 -22 -40
86140433800 -22 -38
1345424065944 -22 -36
9560810917760 -22 -34
41940439761560 -22 -32
131715559672608 -22 -30
323926451360832 -22 -28
662626307708400 -22 -26
1176708643440776 -22 -24
1871418570053616 -22 -22
2727731851599360 -22 -20
3707501333673416 -22 -18
4760979483854088 -22 -16
5834097015582432 -22 -14
6874144186071816 -22 -12
7833501615036952 -22 -10
8671665954759840 -22 -8
9356030737020696 -22 -6
9861900375823008 -22 -4
10172121625494376 -22 -2
10276632466472688 -22 0
10172121625494376 -22 2
9861900375823008 -22 4
9356030737020696 -22 6
8671665954759840 -22 8
7833501615036952 -22 10
6874144186071816 -22 12
5834097015582432 -22 14
4760979483854088 -22 16
3707501333673416 -22 18
2727731851599360 -22 20
1871418570053616 -22 22
1176708643440776 -22 24
662626307708400 -22 26
323926451360832 -22 28
131715559672608 -22 30
41940439761560 -22 32
9560810917760 -22 34
1345424065944 -22 36
86140433800 -22 38
895297496 -22 40
126670296 -20 -40
35725409268 -20 -38
797181578068 -20 -36
6964123774420 -20 -34
35384615450100 -20 -32
124486494034876 -20 -30
335282154356168 -20 -28
738542274796724 -20 -26
1393737061261112 -20 -24
2330700554004140 -20 -22
3541361606440152 -20 -20
4982071185064244 -20 -18
6582720187917340 -20 -16
8258180743555604 -20 -14
9918910238132412 -20 -12
11479161711433004 -20 -10
12862485989329988 -20 -8
14004914018124424 -20 -6
14856445845485344 -20 -4
15381504641141052 -20 -2
15558871836299928 -20 0
15381504641141052 -20 2
14856445845485344 -20 4
14004914018124424 -20 6
12862485989329988 -20 8
11479161711433004 -20 10
9918910238132412 -20 12
8258180743555604 -20 14
6582720187917340 -20 16
4982071185064244 -20 18
3541361606440152 -20 20
2330700554004140 -20 22
1393737061261112 -20 24
738542274796724 -20 26
335282154356168 -20 28
124486494034876 -20 30
35384615450100 -20 32
6964123774420 -20 34
797181578068 -20 36
35725409268 -20 38
126670296 -20 40
9183352 -18 -40
12242968528 -18 -38
426845343376 -18 -36
4697199842488 -18 -34
27944400799960 -18 -32
110841660606872 -18 -30
328477241820224 -18 -28
782098579388832 -18 -26
1573498076098328 -18 -24
2774416726141088 -18 -22
4404895977592968 -18 -20
6427045597628720 -18 -18
8752404860855920 -18 -16
11257099882387432 -18 -14
13799097533186056 -18 -12
16233741970728896 -18 -10
18425816389322424 -18 -8
20257874973214664 -18 -6
21635401309364256 -18 -4
22489657677626656 -18 -2
22779046725973920 -18 0
22489657677626656 -18 2
21635401309364256 -18 4
20257874973214664 -18 6
18425816389322424 -18 8
16233741970728896 -18 10
13799097533186056 -18 12
11257099882387432 -18 14
8752404860855920 -18 16
6427045597628720 -18 18
4404895977592968 -18 20
2774416726141088 -18 22
1573498076098328 -18 24
782098579388832 -18 26
328477241820224 -18 28
110841660606872 -18 30
27944400799960 -18 32
4697199842488 -18 34
426845343376 -18 36
12242968528 -18 38
9183352 -18 40
245030 -16 -40
3248457176 -16 -38
204171160056 -16 -36
2923533425160 -16 -34
20629800464056 -16 -32
92910929421328 -16 -30
304416963474214 -16 -28
786410888257236 -16 -26
1692074206077810 -16 -24
3154249272651920 -16 -22
5245066678856500 -16 -20
7953009737524524 -16 -18
11181689493450656 -16 -16
14765511892384948 -16 -14
18494076392163796 -16 -12
22138147755213572 -16 -10
25472631095998016 -16 -8
28294549429960328 -16 -6
30435842496567954 -16 -4
31771710725211712 -16 -2
32225593548311190 -16 0
31771710725211712 -16 2
30435842496567954 -16 4
28294549429960328 -16 6
25472631095998016 -16 8
22138147755213572 -16 10
18494076392163796 -16 12
14765511892384948 -16 14
11181689493450656 -16 16
7953009737524524 -16 18
5245066678856500 -16 20
3154249272651920 -16 22
1692074206077810 -16 24
786410888257236 -16 26
304416963474214 -16 28
92910929421328 -16 30
20629800464056 -16 32
2923533425160 -16 34
204171160056 -16 36
3248457176 -16 38
245030 -16 40
600703952 -14 -38
85760204928 -14 -36
1671273636224 -14 -34
14213506442584 -14 -32
73265543443448 -14 -30
266740036256216 -14 -28
750457562447944 -14 -26
1732202203929528 -14 -24
3422839785919872 -14 -22
5974735830530832 -14 -20
9433140979454192 -14 -18
13715859040544464 -14 -16
18621939607333992 -14 -14
23860794555617464 -14 -12
29090791810318944 -14 -10
33958355854217832 -14 -8
38132106392623712 -14 -6
41329692440968000 -14 -4
43337098565483384 -14 -2
44021266912291184 -14 0
43337098565483384 -14 2
41329692440968000 -14 4
38132106392623712 -14 6
33958355854217832 -14 8
29090791810318944 -14 10
23860794555617464 -14 12
18621939607333992 -14 14
13715859040544464 -14 16
9433140979454192 -14 18
5974735830530832 -14 20
3422839785919872 -14 22
1732202203929528 -14 24
750457562447944 -14 26
266740036256216 -14 28
73265543443448 -14 30
14213506442584 -14 32
1671273636224 -14 34
85760204928 -14 36
600703952 -14 38
66895028 -12 -38
30769805844 -12 -36
871817595536 -12 -34
9119881173384 -12 -32
54306180730472 -12 -30
220892986193272 -12 -28
679416331935248 -12 -26
1687430601426744 -12 -24
3543500621021460 -12 -22
6507237689169024 -12 -20
10718148537679176 -12 -18
16143286075138316 -12 -16
22566485733152592 -12 -14
29614937853272296 -12 -12
36809760152489724 -12 -10
43626144694135956 -12 -8
49551890662865164 -12 -6
54137568964899756 -12 -4
57035404424319424 -12 -2
58026266840368896 -12 0
57035404424319424 -12 2
54137568964899756 -12 4
49551890662865164 -12 6
43626144694135956 -12 8
36809760152489724 -12 10
29614937853272296 -12 12
22566485733152592 -12 14
16143286075138316 -12 16
10718148537679176 -12 18
6507237689169024 -12 20
3543500621021460 -12 22
1687430601426744 -12 24
679416331935248 -12 26
220892986193272 -12 28
54306180730472 -12 30
9119881173384 -12 32
871817595536 -12 34
30769805844 -12 36
66895028 -12 38
3744536 -10 -38
9003349232 -10 -36
411232712992 -10 -34
5434160585224 -10 -32
37799466497840 -10 -30
172814492568408 -10 -28
583407934972240 -10 -26
1563816820032424 -10 -24
3498539236207992 -10 -22
6773345541195680 -10 -20
11660310198594184 -10 -18
18221298717244160 -10 -16
26261206064863448 -10 -14
35338581573463416 -10 -12
44822492508882840 -10 -10
53976312919414496 -10 -8
62049479246089744 -10 -6
68363042480794144 -10 -4
72380354817966472 -10 -2
73758689192367968 -10 0
72380354817966472 -10 2
68363042480794144 -10 4
62049479246089744 -10 6
53976312919414496 -10 8
44822492508882840 -10 10
35338581573463416 -10 12
26261206064863448 -10 14
18221298717244160 -10 16
11660310198594184 -10 18
6773345541195680 -10 20
3498539236207992 -10 22
1563816820032424 -10 24
583407934972240 -10 26
172814492568408 -10 28
37799466497840 -10 30
5434160585224 -10 32
411232712992 -10 34
9003349232 -10 36
3744536 -10 38
76716 -8 -38
1993039832 -8 -36
173096525692 -8 -34
2995502895196 -8 -32
24674752902744 -8 -30
127672238442586 -8 -28
475075585856560 -8 -26
1378536729698566 -8 -24
3293551116395664 -8 -22
6736263553625544 -8 -20
12141550587455188 -8 -18
19715311574489320 -8 -16
29334167006031644 -8 -14
40521045344285192 -8 -12
52495811941638612 -8 -10
64280417595986990 -8 -8
74831239334451624 -8 -6
83173651451131726 -8 -4
88520256098068372 -8 -2
90361214165255728 -8 0
88520256098068372 -8 2
83173651451131726 -8 4
74831239334451624 -8 6
64280417595986990 -8 8
52495811941638612 -8 10
40521045344285192 -8 12
29334167006031644 -8 14
19715311574489320 -8 16
12141550587455188 -8 18
6736263553625544 -8 20
3293551116395664 -8 22
1378536729698566 -8 24
475075585856560 -8 26
127672238442586 -8 28
24674752902744 -8 30
2995502895196 -8 32
173096525692 -8 34
1993039832 -8 36
76716 -8 38
297462392 -6 -36
63736512472 -6 -34
1519595105512 -6 -32
15080255575560 -6 -30
89022569272440 -6 -28
366818608818552 -6 -26
1155870685173184 -6 -24
2956236995221512 -6 -22
6400102037017832 -6 -20
12098179268405808 -6 -18
20442833907316040 -6 -16
31440606867670688 -6 -14
44630800149661616 -6 -12
59110291933332440 -6 -10
73650667146500224 -6 -8
86874189262794368 -6 -6
97450341131349368 -6 -4
104279590396039352 -6 -2
106639800002433184 -6 0
104279590396039352 -6 2
97450341131349368 -6 4
86874189262794368 -6 6
73650667146500224 -6 8
59110291933332440 -6 10
44630800149661616 -6 12
31440606867670688 -6 14
20442833907316040 -6 16
12098179268405808 -6 18
6400102037017832 -6 20
2956236995221512 -6 22
1155870685173184 -6 24
366818608818552 -6 26
89022569272440 -6 28
15080255575560 -6 30
1519595105512 -6 32
63736512472 -6 34
297462392 -6 36
25988864 -4 -36
19862103208 -4 -34
704221616848 -4 -32
8608981109552 -4 -30
58543743442412 -4 -28
268521293383688 -4 -26
921887700296864 -4 -24
2530093097492332 -4 -22
5809096670793416 -4 -20
11534982138263324 -4 -18
20310836029709196 -4 -16
32327556132637380 -4 -14
47205626665085020 -4 -12
63969815117769020 -4 -10
81160925987496732 -4 -8
97051324948709040 -4 -6
109912607204675840 -4 -4
118282448662229016 -4 -2
121186272509776176 -4 0
118282448662229016 -4 2
109912607204675840 -4 4
97051324948709040 -4 6
81160925987496732 -4 8
63969815117769020 -4 10
47205626665085020 -4 12
32327556132637380 -4 14
20310836029709196 -4 16
11534982138263324 -4 18
5809096670793416 -4 20
2530093097492332 -4 22
921887700296864 -4 24
268521293383688 -4 26
58543743442412 -4 28
8608981109552 -4 30
704221616848 -4 32
19862103208 -4 34
25988864 -4 36
1125952 -2 -36
4963356136 -2 -34
295066303816 -2 -32
4576311625384 -2 -30
36275010688296 -2 -28
186319577373776 -2 -26
699458120266936 -2 -24
2065014757515008 -2 -22
5037784587828024 -2 -20
10524287268544688 -2 -18
19335698582263336 -2 -16
31884920329757056 -2 -14
47939908572101224 -2 -12
66524005214428840 -2 -10
85998471600606336 -2 -8
104304723953705008 -2 -6
119305069666438904 -2 -4
129146165799599736 -2 -2
132574113834751216 -2 0
129146165799599736 -2 2
119305069666438904 -2 4
104304723953705008 -2 6
85998471600606336 -2 8
66524005214428840 -2 10
47939908572101224 -2 12
31884920329757056 -2 14
19335698582263336 -2 16
10524287268544688 -2 18
5037784587828024 -2 20
2065014757515008 -2 22
699458120266936 -2 24
186319577373776 -2 26
36275010688296 -2 28
4576311625384 -2 30
295066303816 -2 32
4963356136 -2 34
1125952 -2 36
17834 0 -36
911703088 0 -34
110093171368 0 -32
2255524070720 0 -30
21149015092324 0 -28
122504934912628 0 -26
504894116185522 0 -24
1607669936546720 0 -22
4175239742344982 0 -20
9190293888300984 0 -18
17639700681637540 0 -16
30168435355663064 0 -14
46745771787292870 0 -12
66473299073345172 0 -10
87612011885914526 0 -8
107830136668452560 0 -6
124609099541046854 0 -4
135709291843674888 0 -2
139591835958670536 0 0
135709291843674888 0 2
124609099541046854 0 4
107830136668452560 0 6
87612011885914526 0 8
66473299073345172 0 10
46745771787292870 0 12
30168435355663064 0 14
17639700681637540 0 16
9190293888300984 0 18
4175239742344982 0 20
1607669936546720 0 22
504894116185522 0 24
122504934912628 0 26
21149015092324 0 28
2255524070720 0 30
110093171368 0 32
911703088 0 34
17834 0 36
109160720 2 -34
35726482528 2 -32
1024619181312 2 -30
11579942549824 2 -28
76286449325608 2 -26
346750512404504 2 -24
1194186810735640 2 -22
3308050582985312 2 -20
7683454305987816 2 -18
15425142064213504 2 -16
27387734284242440 2 -14
43770738954748456 2 -12
63828265941923552 2 -10
85817890696009896 2 -8
107227737293510040 2 -6
125229513400218232 2 -4
137241328361838504 2 -2
141460632490772352 2 0
137241328361838504 2 2
125229513400218232 2 4
107227737293510040 2 6
85817890696009896 2 8
63828265941923552 2 10
43770738954748456 2 12
27387734284242440 2 14
15425142064213504 2 16
7683454305987816 2 18
3308050582985312 2 20
1194186810735640 2 22
346750512404504 2 24
76286449325608 2 26
11579942549824 2 28
1024619181312 2 30
35726482528 2 32
109160720 2 34
7478816 4 -34
9693996868 4 -32
425474276156 4 -30
5939377006916 4 -28
44958749924344 4 -26
226569217013540 4 -24
846579755262244 4 -22
2506545953290856 4 -20
6152376493097120 4 -18
12933873691377580 4 -16
23863179503500320 4 -14
39366908046064840 4 -12
58906483811246932 4 -10
80835373196946064 4 -8
102578873632516168 4 -6
121107716030721612 4 -4
133580492806394460 4 -2
137980858595150008 4 0
133580492806394460 4 2
121107716030721612 4 4
102578873632516168 4 6
80835373196946064 4 8
58906483811246932 4 10
39366908046064840 4 12
23863179503500320 4 14
12933873691377580 4 16
6152376493097120 4 18
2506545953290856 4 20
846579755262244 4 22
226569217013540 4 24
44958749924344 4 26
5939377006916 4 28
425474276156 4 30
9693996868 4 32
7478816 4 34
252080 6 -34
2063864896 6 -32
159592299864 6 -30
2843521663504 6 -28
25048521945312 6 -26
140827142696768 6 -24
572917086594120 6 -22
1817066388881376 6 -20
4720498550413408 6 -18
10403621749494952 6 -16
19964059860150056 6 -14
34020787061530664 6 -12
52268152958473664 6 -10
73241354150881496 6 -8
94427776673787568 6 -6
112730565317079976 6 -4
125162444080454680 6 -2
129567980247963136 6 0
125162444080454680 6 2
112730565317079976 6 4
94427776673787568 6 6
73241354150881496 6 8
52268152958473664 6 10
34020787061530664 6 12
19964059860150056 6 14
10403621749494952 6 16
4720498550413408 6 18
1817066388881376 6 20
572917086594120 6 22
140827142696768 6 24
25048521945312 6 26
2843521663504 6 28
159592299864 6 30
2063864896 6 32
252080 6 34
3120 8 -34
312449522 8 -32
53135758508 8 -30
1264673740998 8 -28
13173022342224 8 -26
83239760827016 8 -24
370192086164504 8 -22
1260779919805870 8 -20
3472250759741140 8 -18
8032004951882824 8 -16
16044889993760644 8 -14
28263584439198298 8 -12
44609033708035844 8 -10
63857862708205800 8 -8
83674102463076108 8 -6
101033332133255314 8 -4
112932804350520724 8 -2
117168868333714348 8 0
112932804350520724 8 2
101033332133255314 8 4
83674102463076108 8 6
63857862708205800 8 8
44609033708035844 8 10
28263584439198298 8 12
16044889993760644 8 14
8032004951882824 8 16
3472250759741140 8 18
1260779919805870 8 20
370192086164504 8 22
83239760827016 8 24
13173022342224 8 26
1264673740998 8 28
53135758508 8 30
312449522 8 32
3120 8 34
29899576 10 -32
15262201592 10 -30
519020717056 10 -28
6525384316904 10 -26
46762201421952 10 -24
228411775905880 10 -22
837636008462680 10 -20
2449873539025832 10 -18
5955215601996472 10 -16
12394898522759456 10 -14
22585104950914096 10 -12
36639509432131392 10 -10
53603357647941744 10 -8
71406344604296472 10 -6
87224176007316024 10 -4
98168422189894760 10 -2
102082457672323136 10 0
98168422189894760 10 2
87224176007316024 10 4
71406344604296472 10 6
53603357647941744 10 8
36639509432131392 10 10
22585104950914096 10 12
12394898522759456 10 14
5955215601996472 10 16
2449873539025832 10 18
837636008462680 10 20
228411775905880 10 22
46762201421952 10 24
6525384316904 10 26
519020717056 10 28
15262201592 10 30
29899576 10 32
1610400 12 -32
3609258948 12 -30
194728666472 12 -28
3035884620096 12 -26
24946167481008 12 -24
134571738621340 12 -22
533057052584172 12 -20
1658891410464768 12 -18
4242977708509340 12 -16
9209647440329536 12 -14
17370088101817264 12 -12
28978952668901076 12 -10
43345544196930652 12 -8
58719575061751240 12 -6
72576626035471148 12 -4
82255106714736820 12 -2
85732697884657168 12 0
82255106714736820 12 2
72576626035471148 12 4
58719575061751240 12 6
43345544196930652 12 8
28978952668901076 12 10
17370088101817264 12 12
9209647440329536 12 14
4242977708509340 12 16
1658891410464768 12 18
533057052584172 12 20
134571738621340 12 22
24946167481008 12 24
3035884620096 12 26
194728666472 12 28
3609258948 12 30
1610400 12 32
42568 14 -32
651611816 14 -30
65886078896 14 -28
1321370864336 14 -26
12621976161008 14 -24
75692441067184 14 -22
325026847488440 14 -20
1078596909277544 14 -18
2906807918186208 14 -16
6586108379351328 14 -14
12866597683063976 14 -12
22085934256930288 14 -10
33787762675707624 14 -8
46559707868246616 14 -6
58239747170780688 14 -4
66475950244016552 14 -2
69449365054696064 14 0
66475950244016552 14 2
58239747170780688 14 4
46559707868246616 14 6
33787762675707624 14 8
22085934256930288 14 10
12866597683063976 14 12
6586108379351328 14 14
2906807918186208 14 16
1078596909277544 14 18
325026847488440 14 20
75692441067184 14 22
12621976161008 14 24
1321370864336 14 26
65886078896 14 28
651611816 14 30
42568 14 32
416 16 -32
80817464 16 -30
19695051986 16 -28
535152790288 16 -26
6046554366444 16 -24
40629506839036 16 -22
189922692358464 16 -20
673716514154548 16 -18
1916048282263864 16 -16
4536307897489588 16 -14
9185882797789524 16 -12
16231729098349016 16 -10
25406826588923344 16 -8
35622818568034484 16 -6
45103526266808530 16 -4
51853690594033480 16 -2
54302310390102222 16 0
51853690594033480 16 2
45103526266808530 16 4
35622818568034484 16 6
25406826588923344 16 8
16231729098349016 16 10
9185882797789524 16 12
4536307897489588 16 14
1916048282263864 16 16
673716514154548 16 18
189922692358464 16 20
40629506839036 16 22
6046554366444 16 24
535152790288 16 26
19695051986 16 28
80817464 16 30
416 16 32
6175512 18 -30
5025040616 18 -28
200171861952 18 -26
2736101259256 18 -24
20798770904064 18 -22
106359673657856 18 -20
404442509645480 18 -18
1215921597440528 18 -16
3011402479923776 18 -14
6325540745890568 18 -12
11512286553738624 18 -10
18443817802018168 18 -8
26318979892638792 18 -6
33736479408767216 18 -4
39069376125645976 18 -2
41013251304959232 18 0
39069376125645976 18 2
33736479408767216 18 4
26318979892638792 18 6
18443817802018168 18 8
11512286553738624 18 10
6325540745890568 18 12
3011402479923776 18 14
1215921597440528 18 16
404442509645480 18 18
106359673657856 18 20
20798770904064 18 22
2736101259256 18 24
200171861952 18 26
5025040616 18 28
6175512 18 30
262660 20 -30
1034777188 20 -28
68418948728 20 -26
1165719437008 20 -24
10144125526304 20 -22
57080653209088 20 -20
233427973852956 20 -18
743300651291860 20 -16
1928101113915908 20 -14
4204583539049800 20 -12
7885843808550240 20 -10
12936239118131580 20 -8
18792370539720824 20 -6
24391363166694100 20 -4
28456605490560136 20 -2
29945654084360640 20 0
28456605490560136 20 2
24391363166694100 20 4
18792370539720824 20 6
12936239118131580 20 8
7885843808550240 20 10
4204583539049800 20 12
1928101113915908 20 14
743300651291860 20 16
233427973852956 20 18
57080653209088 20 20
10144125526304 20 22
1165719437008 20 24
68418948728 20 26
1034777188 20 28
262660 20 30
5472 22 -30
157498256 22 -28
21042137672 22 -26
465622920184 22 -24
4707294560056 22 -22
29349208910152 22 -20
129562208068568 22 -18
437939366008688 22 -16
1191460620952184 22 -14
2699762330986144 22 -12
5221215314777816 22 -10
8773612764489136 22 -8
12978556325488864 22 -6
17060102891807040 22 -4
20053136909603424 22 -2
21154855193302928 22 0
20053136909603424 22 2
17060102891807040 22 4
12978556325488864 22 6
8773612764489136 22 8
5221215314777816 22 10
2699762330986144 22 12
1191460620952184 22 14
437939366008688 22 16
129562208068568 22 18
29349208910152 22 20
4707294560056 22 22
465622920184 22 24
21042137672 22 26
157498256 22 28
5472 22 30
40 24 -30
15935750 24 -28
5679806600 24 -26
173306231774 24 -24
2074333182396 24 -22
14450969770808 24 -20
69167484519808 24 -18
248805007142828 24 -16
711048365329984 24 -14
1675825754796468 24 -12
3344102591785216 24 -10
5758681752113662 24 -8
8677037441222624 24 -6
11553348964409396 24 -4
13683808384870980 24 -2
14471918363624120 24 0
13683808384870980 24 2
11553348964409396 24 4
8677037441222624 24 6
5758681752113662 24 8
3344102591785216 24 10
1675825754796468 24 12
711048365329984 24 14
248805007142828 24 16
69167484519808 24 18
14450969770808 24 20
2074333182396 24 22
173306231774 24 24
5679806600 24 26
15935750 24 28
40 24 30
972552 26 -28
1290859792 26 -26
59615024000 26 -24
865792607688 26 -22
6808556377984 26 -20
35516407691160 26 -18
136356291522712 26 -16
410065663867608 26 -14
1006348140265296 26 -12
2073559907333120 26 -10
3661030161765168 26 -8
5620668495756040 26 -6
7582129285627760 26 -4
9049739804040280 26 -2
9595370785939472 26 0
9049739804040280 26 2
7582129285627760 26 4
5620668495756040 26 6
3661030161765168 26 8
2073559907333120 26 10
1006348140265296 26 12
410065663867608 26 14
136356291522712 26 16
35516407691160 26 18
6808556377984 26 20
865792607688 26 22
59615024000 26 24
1290859792 26 26
972552 26 28
32632 28 -28
230772700 28 -26
18724843840 28 -24
341084877072 28 -22
3066260875140 28 -20
17538933805696 28 -18
72110537993072 28 -16
228656664812828 28 -14
585041107345580 28 -12
1245721776347040 28 -10
2256203760937360 28 -8
3530588836861740 28 -6
4826247756837808 28 -4
5805654485389864 28 -2
6171626424884528 28 0
5805654485389864 28 2
4826247756837808 28 4
3530588836861740 28 6
2256203760937360 28 8
1245721776347040 28 10
585041107345580 28 12
228656664812828 28 14
72110537993072 28 16
17538933805696 28 18
3066260875140 28 20
341084877072 28 22
18724843840 28 24
230772700 28 26
32632 28 28
504 30 -28
29432216 30 -26
5275290672 30 -24
126226959472 30 -22
1317907760448 30 -20
8326817425816 30 -18
36806817127096 30 -16
123342123450136 30 -14
329481972068600 30 -12
725640090126920 30 -10
1348967476780024 30 -8
2152372869615720 30 -6
2982225052343008 30 -4
3616044562573624 30 -2
3854095966218784 30 0
3616044562573624 30 2
2982225052343008 30 4
2152372869615720 30 6
1348967476780024 30 8
725640090126920 30 10
329481972068600 30 12
123342123450136 30 14
36806817127096 30 16
8326817425816 30 18
1317907760448 30 20
126226959472 30 22
5275290672 30 24
29432216 30 26
504 30 28
2 32 -28
2418640 32 -26
1292883118 32 -24
43592680572 32 -22
539516511354 32 -20
3798600134168 32 -18
18134476055046 32 -16
64390682811992 32 -14
179868168023248 32 -12
410143424601640 32 -10
783103654612074 32 -8
1274565154188952 32 -6
1790427841147588 32 -4
2188582621661988 32 -2
2338899114811756 32 0
2188582621661988 32 2
1790427841147588 32 4
1274565154188952 32 6
783103654612074 32 8
410143424601640 32 10
179868168023248 32 12
64390682811992 32 14
18134476055046 32 16
3798600134168 32 18
539516511354 32 20
43592680572 32 22
1292883118 32 24
2418640 32 26
2 32 28
116968 34 -26
262027272 34 -24
13920085200 34 -22
209767774704 34 -20
1663691477896 34 -18
8624235547536 34 -16
32544759297536 34 -14
95236700870376 34 -12
225095711608664 34 -10
441741187995664 34 -8
733733440425440 34 -6
1045268898761232 34 -4
1288288812744760 34 -2
1380519025796800 34 0
1288288812744760 34 2
1045268898761232 34 4
733733440425440 34 6
441741187995664 34 8
225095711608664 34 10
95236700870376 34 12
32544759297536 34 14
8624235547536 34 16
1663691477896 34 18
209767774704 34 20
13920085200 34 22
262027272 34 24
116968 34 26
2892 36 -26
40454152 36 -24
4055164776 36 -22
77176743984 36 -20
698746196500 36 -18
3958112808168 36 -16
15929461481252 36 -14
48933899156020 36 -12
120034839347984 36 -10
242311495247552 36 -8
410954312402964 36 -6
593901912197292 36 -4
738165732429628 36 -2
793208733990752 36 0
738165732429628 36 2
593901912197292 36 4
410954312402964 36 6
242311495247552 36 8
120034839347984 36 10
48933899156020 36 12
15929461481252 36 14
3958112808168 36 16
698746196500 36 18
77176743984 36 20
4055164776 36 22
40454152 36 24
2892 36 26
24 38 -26
4286984 38 -24
1054561704 38 -22
26726298968 38 -20
280962309624 38 -18
1752511084624 38 -16
7552113025648 38 -14
24410268706536 38 -12
62233550058992 38 -10
129345174603016 38 -8
224113553442032 38 -6
328679239023440 38 -4
412046491268912 38 -2
444027283069744 38 0
412046491268912 38 2
328679239023440 38 4
224113553442032 38 6
129345174603016 38 8
62233550058992 38 10
24410268706536 38 12
7552113025648 38 14
1752511084624 38 16
280962309624 38 18
26726298968 38 20
1054561704 38 22
4286984 38 24
24 38 26
281682 40 -24
235788120 40 -22
8650008114 40 -20
107925536632 40 -18
748111577676 40 -16
3468187453016 40 -14
11826852252162 40 -12
31389019478008 40 -10
67235534270080 40 -8
119093705800428 40 -6
177314461030714 40 -4
224256547282308 40 -2
242363941005428 40 0
224256547282308 40 2
177314461030714 40 4
119093705800428 40 6
67235534270080 40 8
31389019478008 40 10
11826852252162 40 12
3468187453016 40 14
748111577676 40 16
107925536632 40 18
8650008114 40 20
235788120 40 22
281682 40 24
10008 42 -24
42538744 42 -22
2589773312 42 -20
39489626264 42 -18
307633880584 42 -16
1542726118024 42 -14
5567254375072 42 -12
15409696817088 42 -10
34056830929072 42 -8
61712852135040 42 -6
93318753848592 42 -4
119095514655296 42 -2
129094684532624 42 0
119095514655296 42 2
93318753848592 42 4
61712852135040 42 6
34056830929072 42 8
15409696817088 42 10
5567254375072 42 12
1542726118024 42 14
307633880584 42 16
39489626264 42 18
2589773312 42 20
42538744 42 22
10008 42 24
132 44 -24
5613852 44 -22
706368040 44 -20
13707762400 44 -18
121701237208 44 -16
664556891068 44 -14
2546823672932 44 -12
7367063908012 44 -10
16820544783072 44 -8
31205503644252 44 -6
47947863645828 44 -4
61763882125772 44 -2
67154321308904 44 0
61763882125772 44 2
47947863645828 44 4
31205503644252 44 6
16820544783072 44 8
7367063908012 44 10
2546823672932 44 12
664556891068 44 14
121701237208 44 16
13707762400 44 18
706368040 44 20
5613852 44 22
132 44 24
482608 46 -22
170844920 46 -20
4487942840 46 -18
46241981568 46 -16
277124286488 46 -14
1132407067816 46 -12
3431306471520 46 -10
8105084917624 46 -8
15408219509200 46 -6
24069324482208 46 -4
31303231932384 46 -2
34142237101936 46 0
31303231932384 46 2
24069324482208 46 4
15408219509200 46 6
8105084917624 46 8
3431306471520 46 10
1132407067816 46 12
277124286488 46 14
46241981568 46 16
4487942840 46 18
170844920 46 20
482608 46 22
23308 48 -22
34950822 48 -20
1375120692 48 -18
16839471084 48 -16
111793846528 48 -14
489416775998 48 -12
1557620262512 48 -10
3812392367516 48 -8
7433895858364 48 -6
11812857304680 48 -4
15515927330836 48 -2
16978063003714 48 0
15515927330836 48 2
11812857304680 48 4
7433895858364 48 6
3812392367516 48 8
1557620262512 48 10
489416775998 48 12
111793846528 48 14
16839471084 48 16
1375120692 48 18
34950822 48 20
23308 48 22
440 50 -22
5563584 50 -20
390059840 50 -18
5859447248 50 -16
43585903272 50 -14
205592468720 50 -12
689322279616 50 -10
1751363759792 50 -8
3506668198552 50 -6
5672057578640 50 -4
7526744801240 50 -2
8263646953696 50 0
7526744801240 50 2
5672057578640 50 4
3506668198552 50 6
1751363759792 50 8
689322279616 50 10
205592468720 50 12
43585903272 50 14
5859447248 50 16
390059840 50 18
5563584 50 20
440 50 22
607948 52 -20
100624648 52 -18
1938759540 52 -16
16403035820 52 -14
83927271636 52 -12
297469448932 52 -10
786138851808 52 -8
1618209341772 52 -6
2666226666120 52 -4
3575827076260 52 -2
3939554665608 52 0
3575827076260 52 2
2666226666120 52 4
1618209341772 52 6
786138851808 52 8
297469448932 52 10
83927271636 52 12
16403035820 52 14
1938759540 52 16
100624648 52 18
607948 52 20
38592 54 -20
22805304 54 -18
605974208 54 -16
5949586488 54 -14
33276905320 54 -12
125192918192 54 -10
344941530376 54 -8
730932266544 54 -6
1227733597464 54 -4
1664843600688 54 -2
1840787781232 54 0
1664843600688 54 2
1227733597464 54 4
730932266544 54 6
344941530376 54 8
125192918192 54 10
33276905320 54 12
5949586488 54 14
605974208 54 16
22805304 54 18
38592 54 20
990 56 -20
4248176 56 -18
177598830 56 -16
2075904184 56 -14
12806025384 56 -12
51389706116 56 -10
147996365698 56 -8
323325599532 56 -6
554138361938 56 -4
760110001160 56 -2
843598567552 56 0
760110001160 56 2
554138361938 56 4
323325599532 56 6
147996365698 56 8
51389706116 56 10
12806025384 56 12
2075904184 56 14
177598830 56 16
4248176 56 18
990 56 20
574464 58 -18
48343784 58 -16
693829536 58 -14
4778574280 58 -12
20574894256 58 -10
62107829608 58 -8
140135624104 58 -6
245291581864 58 -4
340526160456 58 -2
379409148416 58 0
340526160456 58 2
245291581864 58 4
140135624104 58 6
62107829608 58 8
20574894256 58 10
4778574280 58 12
693829536 58 14
48343784 58 16
574464 58 18
46780 60 -18
11945788 60 -16
220713160 60 -14
1727960296 60 -12
8031200380 60 -10
25497308784 60 -8
59535408940 60 -6
106543186728 60 -4
149781846300 60 -2
167562580680 60 0
149781846300 60 2
106543186728 60 4
59535408940 60 6
25497308784 60 8
8031200380 60 10
1727960296 60 12
220713160 60 14
11945788 60 16
46780 60 18
1584 62 -18
2535936 62 -16
66448968 62 -14
604622904 62 -12
3054129104 62 -10
10243850992 62 -8
24802520248 62 -6
45433122632 62 -4
64722361392 62 -2
72711507264 62 0
64722361392 62 2
45433122632 62 4
24802520248 62 6
10243850992 62 8
3054129104 62 10
604622904 62 12
66448968 62 14
2535936 62 16
1584 62 18
412508 64 -16
18908212 64 -14
204116660 64 -12
1130979104 64 -10
4027785916 64 -8
10133542368 64 -6
19030983892 64 -4
27489361804 64 -2
31021373840 64 0
27489361804 64 2
19030983892 64 4
10133542368 64 6
4027785916 64 8
1130979104 64 10
204116660 64 12
18908212 64 14
412508 64 16
42128 66 -16
5041200 66 -14
65975224 66 -12
407767240 66 -10
1549585264 66 -8
4062343272 66 -6
7834379736 66 -4
11479652880 66 -2
13017897088 66 0
11479652880 66 2
7834379736 66 4
4062343272 66 6
1549585264 66 8
407767240 66 10
65975224 66 12
5041200 66 14
42128 66 16
1848 68 -16
1197312 68 -14
20294936 68 -12
143192704 68 -10
582670692 68 -8
1598356916 68 -6
3169861088 68 -4
4717122644 68 -2
5376858904 68 0
4717122644 68 2
3169861088 68 4
1598356916 68 6
582670692 68 8
143192704 68 10
20294936 68 12
1197312 68 14
1848 68 16
227352 70 -14
5978192 70 -12
48788616 70 -10
214068752 70 -8
617785104 70 -6
1261104784 70 -4
1908517072 70 -2
2186125600 70 0
1908517072 70 2
1261104784 70 4
617785104 70 6
214068752 70 8
48788616 70 10
5978192 70 12
227352 70 14
28336 72 -14
1704464 72 -12
16008696 72 -10
76950424 72 -8
234294976 72 -6
493337616 72 -4
760633208 72 -2
875515584 72 0
760633208 72 2
493337616 72 4
234294976 72 6
76950424 72 8
16008696 72 10
1704464 72 12
28336 72 14
1584 74 -14
449616 74 -12
5004864 74 -10
27100832 74 -8
87058984 74 -6
189986688 74 -4
298384680 74 -2
345337120 74 0
298384680 74 2
189986688 74 4
87058984 74 6
27100832 74 8
5004864 74 10
449616 74 12
1584 74 14
97088 76 -12
1509460 76 -10
9331496 76 -8
31672024 76 -6
72159584 76 -4
115289372 76 -2
134596592 76 0
115289372 76 2
72159584 76 4
31672024 76 6
9331496 76 8
1509460 76 10
97088 76 12
14232 78 -12
454824 78 -10
3100720 78 -8
11336128 78 -6
26985592 78 -4
43890728 78 -2
51765344 78 0
43890728 78 2
26985592 78 4
11336128 78 6
3100720 78 8
454824 78 10
14232 78 12
990 80 -12
133404 80 -10
979662 80 -8
4002836 80 -6
9868446 80 -4
16502096 80 -2
19576602 80 0
16502096 80 2
9868446 80 4
4002836 80 6
979662 80 8
133404 80 10
990 80 12
32376 82 -10
298104 82 -8
1391008 82 -6
3531584 82 -4
6137784 82 -2
7260912 82 0
6137784 82 2
3531584 82 4
1391008 82 6
298104 82 8
32376 82 10
5332 84 -10
93560 84 -8
469732 84 -6
1255704 84 -4
2267292 84 -2
2675808 84 0
2267292 84 2
1255704 84 4
469732 84 6
93560 84 8
5332 84 10
440 86 -10
30536 86 -8
148368 86 -6
445640 86 -4
810176 86 -2
979472 86 0
810176 86 2
445640 86 4
148368 86 6
30536 86 8
440 86 10
8404 88 -8
44224 88 -6
155938 88 -4
278576 88 -2
355384 88 0
278576 88 2
155938 88 4
44224 88 6
8404 88 8
1496 90 -8
14272 90 -6
53096 90 -4
97064 90 -2
127536 90 0
97064 90 2
53096 90 4
14272 90 6
1496 90 8
132 92 -8
5196 92 -6
17016 92 -4
35720 92 -2
45096 92 0
35720 92 2
17016 92 4
5196 92 6
132 92 8
1648 94 -6
4608 94 -4
12544 94 -2
13792 94 0
12544 94 2
4608 94 4
1648 94 6
316 96 -6
1440 96 -4
4132 96 -2
4344 96 0
4132 96 2
1440 96 4
316 96 6
24 98 -6
632 98 -4
1320 98 -2
1872 98 0
1320 98 2
632 98 4
24 98 6
232 100 -4
356 100 -2
720 100 0
356 100 2
232 100 4
48 102 -4
56 102 -2
176 102 0
56 102 2
48 102 4
2 104 -4
48 104 -2
56 104 0
48 104 2
2 104 4
24 106 -2
16 106 0
24 106 2
4 108 -2
4 108 2
2 112 0
