8
3667
20
0
4 -78 -10
15 -78 -8
25 -78 -6
20 -78 -4
13 -78 -2
14 -78 0
13 -78 2
20 -78 4
25 -78 6
15 -78 8
4 -78 10
6 -76 -18
26 -76 -16
53 -76 -14
105 -76 -12
216 -76 -10
359 -76 -8
472 -76 -6
558 -76 -4
550 -76 -2
498 -76 0
550 -76 2
558 -76 4
472 -76 6
359 -76 8
216 -76 10
105 -76 12
53 -76 14
26 -76 16
6 -76 18
10 -74 -22
84 -74 -20
277 -74 -18
606 -74 -16
1216 -74 -14
2250 -74 -12
3669 -74 -10
5423 -74 -8
7215 -74 -6
8487 -74 -4
9120 -74 -2
9320 -74 0
9120 -74 2
8487 -74 4
7215 -74 6
5423 -74 8
3669 -74 10
2250 -74 12
1216 -74 14
606 -74 16
277 -74 18
84 -74 20
10 -74 22
6 -72 -28
62 -72 -26
310 -72 -24
994 -72 -22
2370 -72 -20
4880 -72 -18
9263 -72 -16
16386 -72 -14
27003 -72 -12
41191 -72 -10
57588 -72 -8
74102 -72 -6
87629 -72 -4
96550 -72 -2
99968 -72 0
96550 -72 2
87629 -72 4
74102 -72 6
57588 -72 8
41191 -72 10
27003 -72 12
16386 -72 14
9263 -72 16
4880 -72 18
2370 -72 20
994 -72 22
310 -72 24
62 -72 26
6 -72 28
34 -70 -30
360 -70 -28
1717 -70 -26
5373 -70 -24
13330 -70 -22
28404 -70 -20
53912 -70 -18
94770 -70 -16
155732 -70 -14
239825 -70 -12
347052 -70 -10
469476 -70 -8
590976 -70 -6
695668 -70 -4
766490 -70 -2
790618 -70 0
766490 -70 2
695668 -70 4
590976 -70 6
469476 -70 8
347052 -70 10
239825 -70 12
155732 -70 14
94770 -70 16
53912 -70 18
28404 -70 20
13330 -70 22
5373 -70 24
1717 -70 26
360 -70 28
34 -70 30
6 -68 -34
124 -68 -32
1040 -68 -30
5001 -68 -28
17238 -68 -26
47583 -68 -24
110662 -68 -22
226392 -68 -20
419174 -68 -18
713465 -68 -16
1132245 -68 -14
1688425 -68 -12
2368795 -68 -10
3129385 -68 -8
3888261 -68 -6
4541502 -68 -4
4984220 -68 -2
5140080 -68 0
4984220 -68 2
4541502 -68 4
3888261 -68 6
3129385 -68 8
2368795 -68 10
1688425 -68 12
1132245 -68 14
713465 -68 16
419174 -68 18
226392 -68 20
110662 -68 22
47583 -68 24
17238 -68 26
5001 -68 28
1040 -68 30
124 -68 32
6 -68 34
30 -66 -36
358 -66 -34
2460 -66 -32
12018 -66 -30
44567 -66 -28
133376 -66 -26
338483 -66 -24
750402 -66 -22
1483807 -66 -20
2671990 -66 -18
4443444 -66 -16
6895748 -66 -14
10057911 -66 -12
13835484 -66 -10
17969585 -66 -8
22051461 -66 -6
25538732 -66 -4
27895751 -66 -2
28736120 -66 0
27895751 -66 2
25538732 -66 4
22051461 -66 6
17969585 -66 8
13835484 -66 10
10057911 -66 12
6895748 -66 14
4443444 -66 16
2671990 -66 18
1483807 -66 20
750402 -66 22
338483 -66 24
133376 -66 26
44567 -66 28
12018 -66 30
2460 -66 32
358 -66 34
30 -66 36
49 -64 -38
590 -64 -36
4253 -64 -34
22377 -64 -32
89904 -64 -30
293783 -64 -28
814616 -64 -26
1962958 -64 -24
4200908 -64 -22
8121185 -64 -20
14366882 -64 -18
23543369 -64 -16
36054816 -64 -14
51898400 -64 -12
70505249 -64 -10
90576732 -64 -8
110097678 -64 -6
126614485 -64 -4
137723759 -64 -2
141642614 -64 0
137723759 -64 2
126614485 -64 4
110097678 -64 6
90576732 -64 8
70505249 -64 10
51898400 -64 12
36054816 -64 14
23543369 -64 16
14366882 -64 18
8121185 -64 20
4200908 -64 22
1962958 -64 24
814616 -64 26
293783 -64 28
89904 -64 30
22377 -64 32
4253 -64 34
590 -64 36
49 -64 38
40 -62 -40
682 -62 -38
5796 -62 -36
33745 -62 -34
149734 -62 -32
537077 -62 -30
1623051 -62 -28
4254009 -62 -26
9866341 -62 -24
20556443 -62 -22
38992344 -62 -20
68070779 -62 -18
110355828 -62 -16
167361615 -62 -14
238741790 -62 -12
321505232 -62 -10
409689516 -62 -8
494536233 -62 -6
565741110 -62 -4
613369045 -62 -2
630113938 -62 0
613369045 -62 2
565741110 -62 4
494536233 -62 6
409689516 -62 8
321505232 -62 10
238741790 -62 12
167361615 -62 14
110355828 -62 16
68070779 -62 18
38992344 -62 20
20556443 -62 22
9866341 -62 24
4254009 -62 26
1623051 -62 28
537077 -62 30
149734 -62 32
33745 -62 34
5796 -62 36
682 -62 38
40 -62 40
31 -60 -42
708 -60 -40
6658 -60 -38
42510 -60 -36
208065 -60 -34
818549 -60 -32
2704988 -60 -30
7725730 -60 -28
19435637 -60 -26
43768875 -60 -24
89356847 -60 -22
167071580 -60 -20
288665384 -60 -18
464299068 -60 -16
699413312 -60 -14
991533952 -60 -12
1327458351 -60 -10
1682210007 -60 -8
2020846452 -60 -6
2303102358 -60 -4
2490878100 -60 -2
2556838392 -60 0
2490878100 -60 2
2303102358 -60 4
2020846452 -60 6
1682210007 -60 8
1327458351 -60 10
991533952 -60 12
699413312 -60 14
464299068 -60 16
288665384 -60 18
167071580 -60 20
89356847 -60 22
43768875 -60 24
19435637 -60 26
7725730 -60 28
2704988 -60 30
818549 -60 32
208065 -60 34
42510 -60 36
6658 -60 38
708 -60 40
31 -60 42
19 -58 -44
513 -58 -42
5905 -58 -40
43775 -58 -38
240564 -58 -36
1050335 -58 -34
3817993 -58 -32
11913216 -58 -30
32600184 -58 -28
79523588 -58 -26
175122100 -58 -24
351825010 -58 -22
650462473 -58 -20
1114752696 -58 -18
1782041996 -58 -16
2671218925 -58 -14
3770182027 -58 -12
5026925972 -58 -10
6346627055 -58 -8
7599180193 -58 -6
8637903002 -58 -4
9326302852 -58 -2
9567481782 -58 0
9326302852 -58 2
8637903002 -58 4
7599180193 -58 6
6346627055 -58 8
5026925972 -58 10
3770182027 -58 12
2671218925 -58 14
1782041996 -58 16
1114752696 -58 18
650462473 -58 20
351825010 -58 22
175122100 -58 24
79523588 -58 26
32600184 -58 28
11913216 -58 30
3817993 -58 32
1050335 -58 34
240564 -58 36
43775 -58 38
5905 -58 40
513 -58 42
19 -58 44
3 -56 -46
264 -56 -44
4386 -56 -42
38085 -56 -40
235834 -56 -38
1147255 -56 -36
4595749 -56 -34
15707378 -56 -32
46859937 -56 -30
124061314 -56 -28
295394411 -56 -26
639244542 -56 -24
1268218521 -56 -22
2323805632 -56 -20
3957391060 -56 -18
6297064821 -56 -16
9405073708 -56 -14
13234510484 -56 -12
17598361924 -56 -10
22164224794 -56 -8
26482559294 -56 -6
30052357039 -56 -4
32413001858 -56 -2
33238914418 -56 0
32413001858 -56 2
30052357039 -56 4
26482559294 -56 6
22164224794 -56 8
17598361924 -56 10
13234510484 -56 12
9405073708 -56 14
6297064821 -56 16
3957391060 -56 18
2323805632 -56 20
1268218521 -56 22
639244542 -56 24
295394411 -56 26
124061314 -56 28
46859937 -56 30
15707378 -56 32
4595749 -56 34
1147255 -56 36
235834 -56 38
38085 -56 40
4386 -56 42
264 -56 44
3 -56 46
122 -54 -46
2584 -54 -44
26992 -54 -42
193786 -54 -40
1063339 -54 -38
4733088 -54 -36
17801113 -54 -34
58049583 -54 -32
167193877 -54 -30
431346754 -54 -28
1007665332 -54 -26
2150597747 -54 -24
4224653524 -54 -22
7686925575 -54 -20
13026428085 -54 -18
20656133407 -54 -16
30772407703 -54 -14
43215017849 -54 -12
57367264759 -54 -10
72143464455 -54 -8
86090393273 -54 -6
97599338011 -54 -4
105199893620 -54 -2
107857933646 -54 0
105199893620 -54 2
97599338011 -54 4
86090393273 -54 6
72143464455 -54 8
57367264759 -54 10
43215017849 -54 12
30772407703 -54 14
20656133407 -54 16
13026428085 -54 18
7686925575 -54 20
4224653524 -54 22
2150597747 -54 24
1007665332 -54 26
431346754 -54 28
167193877 -54 30
58049583 -54 32
17801113 -54 34
4733088 -54 36
1063339 -54 38
193786 -54 40
26992 -54 42
2584 -54 44
122 -54 46
19 -52 -48
1052 -52 -46
15605 -52 -44
133527 -52 -42
836571 -52 -40
4174613 -52 -38
17368621 -52 -36
62162479 -52 -34
195354080 -52 -32
547328038 -52 -30
1383218353 -52 -28
3182596461 -52 -26
6717939881 -52 -24
13093471059 -52 -22
23694714253 -52 -20
40004422100 -52 -18
63276424114 -52 -16
94105947483 -52 -14
131996694064 -52 -12
175061910982 -52 -10
219988600754 -52 -8
262354427875 -52 -6
297286748254 -52 -4
320340722164 -52 -2
328399176064 -52 0
320340722164 -52 2
297286748254 -52 4
262354427875 -52 6
219988600754 -52 8
175061910982 -52 10
131996694064 -52 12
94105947483 -52 14
63276424114 -52 16
40004422100 -52 18
23694714253 -52 20
13093471059 -52 22
6717939881 -52 24
3182596461 -52 26
1383218353 -52 28
547328038 -52 30
195354080 -52 32
62162479 -52 34
17368621 -52 36
4174613 -52 38
836571 -52 40
133527 -52 42
15605 -52 44
1052 -52 46
19 -52 48
376 -50 -48
7390 -50 -46
76245 -50 -44
555782 -50 -42
3141709 -50 -40
14571409 -50 -38
57547067 -50 -36
198102174 -50 -34
604633077 -50 -32
1657332661 -50 -30
4120388874 -50 -28
9366554762 -50 -26
19599504491 -50 -24
37966551563 -50 -22
68420815520 -50 -20
115204428592 -50 -18
181916270281 -50 -16
270279938148 -50 -14
378889594008 -50 -12
502339872384 -50 -10
631127381864 -50 -8
752561266436 -50 -6
852670938178 -50 -4
918729266085 -50 -2
941816579472 -50 0
918729266085 -50 2
852670938178 -50 4
752561266436 -50 6
631127381864 -50 8
502339872384 -50 10
378889594008 -50 12
270279938148 -50 14
181916270281 -50 16
115204428592 -50 18
68420815520 -50 20
37966551563 -50 22
19599504491 -50 24
9366554762 -50 26
4120388874 -50 28
1657332661 -50 30
604633077 -50 32
198102174 -50 34
57547067 -50 36
14571409 -50 38
3141709 -50 40
555782 -50 42
76245 -50 44
7390 -50 46
376 -50 48
57 -48 -50
2529 -48 -48
35817 -48 -46
310861 -48 -44
2013621 -48 -42
10500835 -48 -40
46023205 -48 -38
174350141 -48 -36
581859998 -48 -34
1735071262 -48 -32
4673206849 -48 -30
11467555586 -48 -28
25820088074 -48 -26
53660205560 -48 -24
103459502475 -48 -22
185877186283 -48 -20
312394884379 -48 -18
492811192037 -48 -16
731894661028 -48 -14
1025957389937 -48 -12
1360435670970 -48 -10
1709583231910 -48 -8
2038953709541 -48 -6
2310567065576 -48 -4
2489826703586 -48 -2
2552488127990 -48 0
2489826703586 -48 2
2310567065576 -48 4
2038953709541 -48 6
1709583231910 -48 8
1360435670970 -48 10
1025957389937 -48 12
731894661028 -48 14
492811192037 -48 16
312394884379 -48 18
185877186283 -48 20
103459502475 -48 22
53660205560 -48 24
25820088074 -48 26
11467555586 -48 28
4673206849 -48 30
1735071262 -48 32
581859998 -48 34
174350141 -48 36
46023205 -48 38
10500835 -48 40
2013621 -48 42
310861 -48 44
35817 -48 46
2529 -48 48
57 -48 50
730 -46 -50
13876 -46 -48
145330 -46 -46
1096351 -46 -44
6485600 -46 -42
31749074 -46 -40
133025639 -46 -38
487417246 -46 -36
1586694562 -46 -34
4643885929 -46 -32
12334167419 -46 -30
29955333612 -46 -28
66943748383 -46 -26
138399432596 -46 -24
265915934699 -46 -22
476741862933 -46 -20
800356485034 -46 -18
1262108755666 -46 -16
1874611806325 -46 -14
2628832417177 -46 -12
3487710492098 -46 -10
4385203739283 -46 -8
5232600170805 -46 -6
5931864876705 -46 -4
6393568295768 -46 -2
6554992004352 -46 0
6393568295768 -46 2
5931864876705 -46 4
5232600170805 -46 6
4385203739283 -46 8
3487710492098 -46 10
2628832417177 -46 12
1874611806325 -46 14
1262108755666 -46 16
800356485034 -46 18
476741862933 -46 20
265915934699 -46 22
138399432596 -46 24
66943748383 -46 26
29955333612 -46 28
12334167419 -46 30
4643885929 -46 32
1586694562 -46 34
487417246 -46 36
133025639 -46 38
31749074 -46 40
6485600 -46 42
1096351 -46 44
145330 -46 46
13876 -46 48
730 -46 50
107 -44 -52
4062 -44 -50
56517 -44 -48
505251 -44 -46
3425020 -44 -44
18866999 -44 -42
87884594 -44 -40
355077799 -44 -38
1266502988 -44 -36
4040927940 -44 -34
11650459064 -44 -32
30601597440 -44 -30
73721359563 -44 -28
163810117002 -44 -26
337356764105 -44 -24
646632039040 -44 -22
1157823291954 -44 -20
1942910378660 -44 -18
3064321261061 -44 -16
4553922454083 -44 -14
6390985322633 -44 -12
8486128177622 -44 -10
10678510961020 -44 -8
12750937461804 -44 -6
14462654013339 -44 -4
15593551482654 -44 -2
15989054342798 -44 0
15593551482654 -44 2
14462654013339 -44 4
12750937461804 -44 6
10678510961020 -44 8
8486128177622 -44 10
6390985322633 -44 12
4553922454083 -44 14
3064321261061 -44 16
1942910378660 -44 18
1157823291954 -44 20
646632039040 -44 22
337356764105 -44 24
163810117002 -44 26
73721359563 -44 28
30601597440 -44 30
11650459064 -44 32
4040927940 -44 34
1266502988 -44 36
355077799 -44 38
87884594 -44 40
18866999 -44 42
3425020 -44 44
505251 -44 46
56517 -44 48
4062 -44 50
107 -44 52
975 -42 -52
18195 -42 -50
195690 -42 -48
1542254 -42 -46
9635233 -42 -44
50186083 -42 -42
224628169 -42 -40
881307061 -42 -38
3075825982 -42 -36
9655964688 -42 -34
27507668009 -42 -32
71623238490 -42 -30
171474774142 -42 -28
379410222234 -42 -26
779279068950 -42 -24
1491506483188 -42 -22
2669178151808 -42 -20
4479746812634 -42 -18
7069820599777 -42 -16
10516308855812 -42 -14
14774533761638 -42 -12
19639682244341 -42 -10
24738943377680 -42 -8
29565916075923 -42 -6
33557090363434 -42 -4
36195936994933 -42 -2
37119172009090 -42 0
36195936994933 -42 2
33557090363434 -42 4
29565916075923 -42 6
24738943377680 -42 8
19639682244341 -42 10
14774533761638 -42 12
10516308855812 -42 14
7069820599777 -42 16
4479746812634 -42 18
2669178151808 -42 20
1491506483188 -42 22
779279068950 -42 24
379410222234 -42 26
171474774142 -42 28
71623238490 -42 30
27507668009 -42 32
9655964688 -42 34
3075825982 -42 36
881307061 -42 38
224628169 -42 40
50186083 -42 42
9635233 -42 44
1542254 -42 46
195690 -42 48
18195 -42 50
975 -42 52
138 -40 -54
4567 -40 -52
63326 -40 -50
589065 -40 -48
4215254 -40 -46
24717757 -40 -44
123165353 -40 -42
533734324 -40 -40
2044921783 -40 -38
7012636181 -40 -36
21730967542 -40 -34
61324252127 -40 -32
158601770393 -40 -30
377965228884 -40 -28
833838766338 -40 -26
1709830129637 -40 -24
3270462935688 -40 -22
5853509825523 -40 -20
9830758777006 -40 -18
15530968774068 -40 -16
23131550241714 -40 -14
32541924160382 -40 -12
43315161792658 -40 -10
54627366460216 -40 -8
65352132304864 -40 -6
74230638095946 -40 -4
80105737056891 -40 -2
82162104622046 -40 0
80105737056891 -40 2
74230638095946 -40 4
65352132304864 -40 6
54627366460216 -40 8
43315161792658 -40 10
32541924160382 -40 12
23131550241714 -40 14
15530968774068 -40 16
9830758777006 -40 18
5853509825523 -40 20
3270462935688 -40 22
1709830129637 -40 24
833838766338 -40 26
377965228884 -40 28
158601770393 -40 30
61324252127 -40 32
21730967542 -40 34
7012636181 -40 36
2044921783 -40 38
533734324 -40 40
123165353 -40 42
24717757 -40 44
4215254 -40 46
589065 -40 48
63326 -40 50
4567 -40 52
138 -40 54
921 -38 -54
17008 -38 -52
189527 -38 -50
1573189 -38 -48
10461222 -38 -46
58362118 -38 -44
280660854 -38 -42
1185110323 -38 -40
4454788437 -38 -38
15063622687 -38 -36
46205512179 -38 -34
129444110972 -38 -32
333109646898 -38 -30
791294796100 -38 -28
1742533272745 -38 -26
3570566238005 -38 -24
6830280678358 -38 -22
12233714991742 -38 -20
20569831112080 -38 -18
32543523441274 -38 -16
48546126094148 -38 -14
68404916583974 -38 -12
91189433255314 -38 -10
115160870323863 -38 -8
137925362989975 -38 -6
156795540498263 -38 -4
169293559519914 -38 -2
173669988920700 -38 0
169293559519914 -38 2
156795540498263 -38 4
137925362989975 -38 6
115160870323863 -38 8
91189433255314 -38 10
68404916583974 -38 12
48546126094148 -38 14
32543523441274 -38 16
20569831112080 -38 18
12233714991742 -38 20
6830280678358 -38 22
3570566238005 -38 24
1742533272745 -38 26
791294796100 -38 28
333109646898 -38 30
129444110972 -38 32
46205512179 -38 34
15063622687 -38 36
4454788437 -38 38
1185110323 -38 40
280660854 -38 42
58362118 -38 44
10461222 -38 46
1573189 -38 48
189527 -38 50
17008 -38 52
921 -38 54
126 -36 -56
3637 -36 -54
50831 -36 -52
496914 -36 -50
3785598 -36 -48
23807609 -36 -46
127713491 -36 -44
596956378 -36 -42
2469106186 -36 -40
9142009693 -36 -38
30575706900 -36 -36
93056411524 -36 -34
259300589652 -36 -32
664977284253 -36 -30
1576540312540 -36 -28
3468975318833 -36 -26
7108849470705 -36 -24
13609295467900 -36 -22
24406326345818 -36 -20
41102132688469 -36 -18
65143493201598 -36 -16
97356461852930 -36 -14
137431572446142 -36 -12
183517974456684 -36 -10
232105965562374 -36 -8
278328515628533 -36 -6
316696269846166 -36 -4
342131665032471 -36 -2
351042624920938 -36 0
342131665032471 -36 2
316696269846166 -36 4
278328515628533 -36 6
232105965562374 -36 8
183517974456684 -36 10
137431572446142 -36 12
97356461852930 -36 14
65143493201598 -36 16
41102132688469 -36 18
24406326345818 -36 20
13609295467900 -36 22
7108849470705 -36 24
3468975318833 -36 26
1576540312540 -36 28
664977284253 -36 30
259300589652 -36 32
93056411524 -36 34
30575706900 -36 36
9142009693 -36 38
2469106186 -36 40
596956378 -36 42
127713491 -36 44
23807609 -36 46
3785598 -36 48
496914 -36 50
50831 -36 52
3637 -36 54
126 -36 56
611 -34 -56
11277 -34 -54
131702 -34 -52
1162995 -34 -50
8308005 -34 -48
50032737 -34 -46
260257146 -34 -44
1189815401 -34 -42
4842656804 -34 -40
17722542860 -34 -38
58786120465 -34 -36
177901018137 -34 -34
493911875196 -34 -32
1264018582502 -34 -30
2994243883754 -34 -28
6589228641139 -34 -26
13514483846895 -34 -24
25908058921978 -34 -22
46543901794979 -34 -20
78539302962429 -34 -18
124739633350884 -34 -16
186814818353484 -34 -14
264245666516306 -34 -12
353509688986982 -34 -10
447823310977907 -34 -8
537708746479425 -34 -6
612425229179548 -34 -4
662005425363358 -34 -2
679383819402452 -34 0
662005425363358 -34 2
612425229179548 -34 4
537708746479425 -34 6
447823310977907 -34 8
353509688986982 -34 10
264245666516306 -34 12
186814818353484 -34 14
124739633350884 -34 16
78539302962429 -34 18
46543901794979 -34 20
25908058921978 -34 22
13514483846895 -34 24
6589228641139 -34 26
2994243883754 -34 28
1264018582502 -34 30
493911875196 -34 32
177901018137 -34 34
58786120465 -34 36
17722542860 -34 38
4842656804 -34 40
1189815401 -34 42
260257146 -34 44
50032737 -34 46
8308005 -34 48
1162995 -34 50
131702 -34 52
11277 -34 54
611 -34 56
81 -32 -58
2015 -32 -56
28784 -32 -54
299759 -32 -52
2459356 -32 -50
16756516 -32 -48
97620738 -32 -46
495959130 -32 -44
2229442537 -32 -42
8964941538 -32 -40
32529762008 -32 -38
107274846073 -32 -36
323433189279 -32 -34
896085985287 -32 -32
2291416186454 -32 -30
5429031432213 -32 -28
11958764432039 -32 -26
24564970335960 -32 -24
47183938828349 -32 -22
84953357580412 -32 -20
143689987539342 -32 -18
228761083680529 -32 -16
343402017478327 -32 -14
486802663161106 -32 -12
652541489102418 -32 -10
828049889886604 -32 -8
995631563217742 -32 -6
1135134582778423 -32 -4
1227797368585370 -32 -2
1260292876902646 -32 0
1227797368585370 -32 2
1135134582778423 -32 4
995631563217742 -32 6
828049889886604 -32 8
652541489102418 -32 10
486802663161106 -32 12
343402017478327 -32 14
228761083680529 -32 16
143689987539342 -32 18
84953357580412 -32 20
47183938828349 -32 22
24564970335960 -32 24
11958764432039 -32 26
5429031432213 -32 28
2291416186454 -32 30
896085985287 -32 32
323433189279 -32 34
107274846073 -32 36
32529762008 -32 38
8964941538 -32 40
2229442537 -32 42
495959130 -32 44
97620738 -32 46
16756516 -32 48
2459356 -32 50
299759 -32 52
28784 -32 54
2015 -32 56
81 -32 58
271 -30 -58
5124 -30 -56
63963 -30 -54
610044 -30 -52
4747250 -30 -50
31231909 -30 -48
177552771 -30 -46
886666432 -30 -44
3937496890 -30 -42
15699372124 -30 -40
56641796991 -30 -38
186120193359 -30 -36
560069017781 -30 -34
1550707381596 -30 -32
3966848392490 -30 -30
9409463977096 -30 -28
20762800312070 -30 -26
42742414802021 -30 -24
82301229808738 -30 -22
148571479794949 -30 -20
251971571567696 -30 -18
402220435690093 -30 -16
605330332330618 -30 -14
860139751498658 -30 -12
1155424740747292 -30 -10
1468839918436432 -30 -8
1768675041393121 -30 -6
2018641802908890 -30 -4
2184845682397162 -30 -2
2243160594609210 -30 0
2184845682397162 -30 2
2018641802908890 -30 4
1768675041393121 -30 6
1468839918436432 -30 8
1155424740747292 -30 10
860139751498658 -30 12
605330332330618 -30 14
402220435690093 -30 16
251971571567696 -30 18
148571479794949 -30 20
82301229808738 -30 22
42742414802021 -30 24
20762800312070 -30 26
9409463977096 -30 28
3966848392490 -30 30
1550707381596 -30 32
560069017781 -30 34
186120193359 -30 36
56641796991 -30 38
15699372124 -30 40
3937496890 -30 42
886666432 -30 44
177552771 -30 46
31231909 -30 48
4747250 -30 50
610044 -30 52
63963 -30 54
5124 -30 56
271 -30 58
35 -28 -60
737 -28 -58
10980 -28 -56
124446 -28 -54
1121430 -28 -52
8420511 -28 -50
54045202 -28 -48
302079264 -28 -46
1491035864 -28 -44
6568936353 -28 -42
26055302557 -28 -40
93711935452 -28 -38
307465799944 -28 -36
924978860415 -28 -34
2562898869776 -28 -32
6565818791913 -28 -30
15606303445677 -28 -28
34522173017039 -28 -26
71264996984839 -28 -24
137627771698529 -28 -22
249201905032189 -28 -20
423913695669692 -28 -18
678670022306633 -28 -16
1024195463719795 -28 -14
1458997490012265 -28 -12
1964251151979871 -28 -10
2501803359066015 -28 -8
3017074118761199 -28 -6
3447293562770052 -28 -4
3733640595938132 -28 -2
3834161475578404 -28 0
3733640595938132 -28 2
3447293562770052 -28 4
3017074118761199 -28 6
2501803359066015 -28 8
1964251151979871 -28 10
1458997490012265 -28 12
1024195463719795 -28 14
678670022306633 -28 16
423913695669692 -28 18
249201905032189 -28 20
137627771698529 -28 22
71264996984839 -28 24
34522173017039 -28 26
15606303445677 -28 28
6565818791913 -28 30
2562898869776 -28 32
924978860415 -28 34
307465799944 -28 36
93711935452 -28 38
26055302557 -28 40
6568936353 -28 42
1491035864 -28 44
302079264 -28 46
54045202 -28 48
8420511 -28 50
1121430 -28 52
124446 -28 54
10980 -28 56
737 -28 58
35 -28 60
71 -26 -60
1466 -26 -58
20403 -26 -56
216425 -26 -54
1880380 -26 -52
13789434 -26 -50
87135394 -26 -48
482091628 -26 -46
2363708578 -26 -44
10370900841 -26 -42
41046188092 -26 -40
147523576405 -26 -38
484227803613 -26 -36
1458660436276 -26 -34
4049687429500 -26 -32
10400987270814 -26 -30
24794197432480 -26 -28
55021162103792 -26 -26
113962464718459 -26 -24
220839777829145 -26 -22
401239286739114 -26 -20
684813869364831 -26 -18
1099838037605459 -26 -16
1664687737854286 -26 -14
2377743472459112 -26 -12
3208686037129089 -26 -10
4094905568480613 -26 -8
4946095230251031 -26 -6
5657877947908760 -26 -4
6132121094510293 -26 -2
6298689298654400 -26 0
6132121094510293 -26 2
5657877947908760 -26 4
4946095230251031 -26 6
4094905568480613 -26 8
3208686037129089 -26 10
2377743472459112 -26 12
1664687737854286 -26 14
1099838037605459 -26 16
684813869364831 -26 18
401239286739114 -26 20
220839777829145 -26 22
113962464718459 -26 24
55021162103792 -26 26
24794197432480 -26 28
10400987270814 -26 30
4049687429500 -26 32
1458660436276 -26 34
484227803613 -26 36
147523576405 -26 38
41046188092 -26 40
10370900841 -26 42
2363708578 -26 44
482091628 -26 46
87135394 -26 48
13789434 -26 50
1880380 -26 52
216425 -26 54
20403 -26 56
1466 -26 58
71 -26 60
9 -24 -62
159 -24 -60
2576 -24 -58
33015 -24 -56
338807 -24 -54
2890036 -24 -52
20939509 -24 -50
131331314 -24 -48
723412279 -24 -46
3539063072 -24 -44
15518775846 -24 -42
61459194749 -24 -40
221232762561 -24 -38
727807970345 -24 -36
2198562182348 -24 -34
6123564984463 -24 -32
15782910152863 -24 -30
37764457272456 -24 -28
84127272605333 -24 -26
174928948737328 -24 -24
340296817025840 -24 -22
620616441403667 -24 -20
1063073179010579 -24 -18
1713155116619138 -24 -16
2601127408014891 -24 -14
3725783277961992 -24 -12
5040202712648542 -24 -10
6445569886674157 -24 -8
7798150475207393 -24 -6
8930974363650665 -24 -4
9686543072789508 -24 -2
9952061803678416 -24 0
9686543072789508 -24 2
8930974363650665 -24 4
7798150475207393 -24 6
6445569886674157 -24 8
5040202712648542 -24 10
3725783277961992 -24 12
2601127408014891 -24 14
1713155116619138 -24 16
1063073179010579 -24 18
620616441403667 -24 20
340296817025840 -24 22
174928948737328 -24 24
84127272605333 -24 26
37764457272456 -24 28
15782910152863 -24 30
6123564984463 -24 32
2198562182348 -24 34
727807970345 -24 36
221232762561 -24 38
61459194749 -24 40
15518775846 -24 42
3539063072 -24 44
723412279 -24 46
131331314 -24 48
20939509 -24 50
2890036 -24 52
338807 -24 54
33015 -24 56
2576 -24 58
159 -24 60
9 -24 62
8 -22 -62
219 -22 -60
3767 -22 -58
47503 -22 -56
483569 -22 -54
4095415 -22 -52
29582307 -22 -50
185466030 -22 -48
1022597496 -22 -46
5012540083 -22 -44
22039263798 -22 -42
87566274385 -22 -40
316370613921 -22 -38
1044955314866 -22 -36
3169975630812 -22 -34
8868038155696 -22 -32
22959303900250 -22 -30
55184783545112 -22 -28
123489250371456 -22 -26
257916076456365 -22 -24
503899898828062 -22 -22
922789369423504 -22 -20
1586855494416569 -22 -18
2566538208208051 -22 -16
3909782276203591 -22 -14
5616867374368002 -22 -12
7617989830242162 -22 -10
9763062537792834 -22 -8
11831882505133061 -22 -6
13567334359192115 -22 -4
14726083681058063 -22 -2
15133506274301944 -22 0
14726083681058063 -22 2
13567334359192115 -22 4
11831882505133061 -22 6
9763062537792834 -22 8
7617989830242162 -22 10
5616867374368002 -22 12
3909782276203591 -22 14
2566538208208051 -22 16
1586855494416569 -22 18
922789369423504 -22 20
503899898828062 -22 22
257916076456365 -22 24
123489250371456 -22 26
55184783545112 -22 28
22959303900250 -22 30
8868038155696 -22 32
3169975630812 -22 34
1044955314866 -22 36
316370613921 -22 38
87566274385 -22 40
22039263798 -22 42
5012540083 -22 44
1022597496 -22 46
185466030 -22 48
29582307 -22 50
4095415 -22 52
483569 -22 54
47503 -22 56
3767 -22 58
219 -22 60
8 -22 62
1 -20 -64
15 -20 -62
310 -20 -60
4911 -20 -58
61531 -20 -56
629279 -20 -54
5365526 -20 -52
39003732 -20 -50
245965190 -20 -48
1363992436 -20 -46
6724746513 -20 -44
29738332716 -20 -42
118835217537 -20 -40
431794400111 -20 -38
1434281233215 -20 -36
4375450025501 -20 -34
12308085075804 -20 -32
32038708223625 -20 -30
77416632945248 -20 -28
174130753081004 -20 -26
365489753851387 -20 -24
717456561664915 -20 -22
1319767263357812 -20 -20
2279024147666711 -20 -18
3700274701071877 -20 -16
5656614197331455 -20 -14
8151639742837873 -20 -12
11085474085275689 -20 -10
14238621498752700 -20 -8
17286179279781549 -20 -6
19846803310049239 -20 -4
21558379829664563 -20 -2
22160509832055138 -20 0
21558379829664563 -20 2
19846803310049239 -20 4
17286179279781549 -20 6
14238621498752700 -20 8
11085474085275689 -20 10
8151639742837873 -20 12
5656614197331455 -20 14
3700274701071877 -20 16
2279024147666711 -20 18
1319767263357812 -20 20
717456561664915 -20 22
365489753851387 -20 24
174130753081004 -20 26
77416632945248 -20 28
32038708223625 -20 30
12308085075804 -20 32
4375450025501 -20 34
1434281233215 -20 36
431794400111 -20 38
118835217537 -20 40
29738332716 -20 42
6724746513 -20 44
1363992436 -20 46
245965190 -20 48
39003732 -20 50
5365526 -20 52
629279 -20 54
61531 -20 56
4911 -20 58
310 -20 60
15 -20 62
1 -20 64
11 -18 -62
313 -18 -60
5496 -18 -58
72283 -18 -56
754180 -18 -54
6529031 -18 -52
48094365 -18 -50
306817051 -18 -48
1719122866 -18 -46
8555415256 -18 -44
38162185666 -18 -42
153733998139 -18 -40
562876834498 -18 -38
1883293932475 -18 -36
5785079566896 -18 -34
16381334616211 -18 -32
42912235680606 -18 -30
104319505254173 -18 -28
235997712708611 -18 -26
498057950677406 -18 -24
982736144391773 -18 -22
1816480233795732 -18 -20
3150790744844593 -18 -18
5136607912224020 -18 -16
7881235398371279 -18 -14
11394379920326188 -18 -12
15538550818415517 -18 -10
20004518837864913 -18 -8
24330364548769533 -18 -6
27971049288072016 -18 -4
30407265732847398 -18 -2
31264800634401682 -18 0
30407265732847398 -18 2
27971049288072016 -18 4
24330364548769533 -18 6
20004518837864913 -18 8
15538550818415517 -18 10
11394379920326188 -18 12
7881235398371279 -18 14
5136607912224020 -18 16
3150790744844593 -18 18
1816480233795732 -18 20
982736144391773 -18 22
498057950677406 -18 24
235997712708611 -18 26
104319505254173 -18 28
42912235680606 -18 30
16381334616211 -18 32
5785079566896 -18 34
1883293932475 -18 36
562876834498 -18 38
153733998139 -18 40
38162185666 -18 42
8555415256 -18 44
1719122866 -18 46
306817051 -18 48
48094365 -18 50
6529031 -18 52
754180 -18 54
72283 -18 56
5496 -18 58
313 -18 60
11 -18 62
12 -16 -62
316 -16 -60
5657 -16 -58
77018 -16 -56
831598 -16 -54
7391895 -16 -52
55576504 -16 -50
360579841 -16 -48
2049834371 -16 -46
10331599333 -16 -44
46612039338 -16 -42
189722301290 -16 -40
701260457645 -16 -38
2366997747532 -16 -36
7330723493006 -16 -34
20918046013720 -16 -32
55193181267586 -16 -30
135087468837380 -16 -28
307555854860556 -16 -26
652961965398223 -16 -24
1295573703148868 -16 -22
2407108611843504 -16 -20
4195097785073590 -16 -18
6868593830500659 -16 -16
10579343837373492 -16 -14
15347040248451921 -16 -12
20989539123228730 -16 -10
27086997033146010 -16 -8
33006345223721646 -16 -6
37996560873630039 -16 -4
41339619774961529 -16 -2
42517027215350254 -16 0
41339619774961529 -16 2
37996560873630039 -16 4
33006345223721646 -16 6
27086997033146010 -16 8
20989539123228730 -16 10
15347040248451921 -16 12
10579343837373492 -16 14
6868593830500659 -16 16
4195097785073590 -16 18
2407108611843504 -16 20
1295573703148868 -16 22
652961965398223 -16 24
307555854860556 -16 26
135087468837380 -16 28
55193181267586 -16 30
20918046013720 -16 32
7330723493006 -16 34
2366997747532 -16 36
701260457645 -16 38
189722301290 -16 40
46612039338 -16 42
10331599333 -16 44
2049834371 -16 46
360579841 -16 48
55576504 -16 50
7391895 -16 52
831598 -16 54
77018 -16 56
5657 -16 58
316 -16 60
12 -16 62
5 -14 -62
235 -14 -60
5130 -14 -58
75239 -14 -56
849767 -14 -54
7809851 -14 -52
60283867 -14 -50
399736028 -14 -48
2314643287 -14 -46
11853073235 -14 -44
54228130285 -14 -42
223489120018 -14 -40
835422593479 -14 -38
2848941661550 -14 -36
8906974592807 -14 -34
25638317789101 -14 -32
68196766134913 -14 -30
168172092591022 -14 -28
385560017925368 -14 -26
823882926511413 -14 -24
1644510890163203 -14 -22
3072259053090695 -14 -20
5381240099499194 -14 -18
8850641438225380 -14 -16
13687279437389211 -14 -14
19925757094342864 -14 -12
27333813005974446 -14 -10
35361904971011005 -14 -8
43173327325492716 -14 -6
49770000862476036 -14 -4
54194373902537950 -14 -2
55753518352301272 -14 0
54194373902537950 -14 2
49770000862476036 -14 4
43173327325492716 -14 6
35361904971011005 -14 8
27333813005974446 -14 10
19925757094342864 -14 12
13687279437389211 -14 14
8850641438225380 -14 16
5381240099499194 -14 18
3072259053090695 -14 20
1644510890163203 -14 22
823882926511413 -14 24
385560017925368 -14 26
168172092591022 -14 28
68196766134913 -14 30
25638317789101 -14 32
8906974592807 -14 34
2848941661550 -14 36
835422593479 -14 38
223489120018 -14 40
54228130285 -14 42
11853073235 -14 44
2314643287 -14 46
399736028 -14 48
60283867 -14 50
7809851 -14 52
849767 -14 54
75239 -14 56
5130 -14 58
235 -14 60
5 -14 62
4 -12 -62
177 -12 -60
4221 -12 -58
67132 -12 -56
803967 -12 -54
7708631 -12 -52
61481411 -12 -50
418580072 -12 -48
2477575234 -12 -46
12928687050 -12 -44
60128435878 -12 -42
251427879760 -12 -40
952127508273 -12 -38
3285151236473 -12 -36
10380621166721 -12 -34
30172327064125 -12 -32
80977349373611 -12 -30
201337726574045 -12 -28
465106554230739 -12 -26
1000811543063817 -12 -24
2010482440740648 -12 -22
3777957221388219 -12 -20
6652442134763879 -12 -18
10993573038159376 -12 -16
17073098426538914 -12 -14
24946247760903104 -12 -12
34327913463713080 -12 -10
44524424493471308 -12 -8
54469001792662892 -12 -6
62881938229218199 -12 -4
68531140171460766 -12 -2
70523091089305660 -12 0
68531140171460766 -12 2
62881938229218199 -12 4
54469001792662892 -12 6
44524424493471308 -12 8
34327913463713080 -12 10
24946247760903104 -12 12
17073098426538914 -12 14
10993573038159376 -12 16
6652442134763879 -12 18
3777957221388219 -12 20
2010482440740648 -12 22
1000811543063817 -12 24
465106554230739 -12 26
201337726574045 -12 28
80977349373611 -12 30
30172327064125 -12 32
10380621166721 -12 34
3285151236473 -12 36
952127508273 -12 38
251427879760 -12 40
60128435878 -12 42
12928687050 -12 44
2477575234 -12 46
418580072 -12 48
61481411 -12 50
7708631 -12 52
803967 -12 54
67132 -12 56
4221 -12 58
177 -12 60
4 -12 62
102 -10 -60
3114 -10 -58
55211 -10 -56
708070 -10 -54
7124903 -10 -52
59026134 -10 -50
414382117 -10 -48
2516075223 -10 -46
13416969124 -10 -44
63579422803 -10 -42
270267712406 -10 -40
1038534171659 -10 -38
3630501283436 -10 -36
11608208948000 -10 -34
34104215683230 -10 -32
92428772186703 -10 -30
231871286191207 -10 -28
540034361241554 -10 -26
1170748219490568 -10 -24
2367926098284070 -10 -22
4477232653251860 -10 -20
7927858521477798 -10 -18
13166765327466772 -10 -16
20538303494889690 -10 -14
30124322031112251 -10 -12
41587905579195111 -10 -10
54084446811358352 -10 -8
66301511862748181 -10 -6
76655615034294827 -10 -4
83616688621232156 -10 -2
86072699447328380 -10 0
83616688621232156 -10 2
76655615034294827 -10 4
66301511862748181 -10 6
54084446811358352 -10 8
41587905579195111 -10 10
30124322031112251 -10 12
20538303494889690 -10 14
13166765327466772 -10 16
7927858521477798 -10 18
4477232653251860 -10 20
2367926098284070 -10 22
1170748219490568 -10 24
540034361241554 -10 26
231871286191207 -10 28
92428772186703 -10 30
34104215683230 -10 32
11608208948000 -10 34
3630501283436 -10 36
1038534171659 -10 38
270267712406 -10 40
63579422803 -10 42
13416969124 -10 44
2516075223 -10 46
414382117 -10 48
59026134 -10 50
7124903 -10 52
708070 -10 54
55211 -10 56
3114 -10 58
102 -10 60
55 -8 -60
2047 -8 -58
41499 -8 -56
578092 -8 -54
6171027 -8 -52
53421453 -8 -50
388269505 -8 -48
2426180004 -8 -46
13255746789 -8 -44
64144619926 -8 -42
277707439887 -8 -40
1084528794086 -8 -38
3846370329619 -8 -36
12458751769094 -8 -34
37033503879608 -8 -32
101436771564957 -8 -30
256930682807306 -8 -28
603661032528753 -8 -26
1319145235498402 -8 -24
2687410104783217 -8 -22
5114580960531603 -8 -20
9109662620914284 -8 -18
15208713833015668 -8 -16
23832652653398899 -8 -14
35095465426437524 -8 -12
48613897808571088 -8 -10
63395765841825237 -8 -8
77882661471225543 -8 -6
90183199849069253 -8 -4
98463079945914483 -8 -2
101386198508807088 -8 0
98463079945914483 -8 2
90183199849069253 -8 4
77882661471225543 -8 6
63395765841825237 -8 8
48613897808571088 -8 10
35095465426437524 -8 12
23832652653398899 -8 14
15208713833015668 -8 16
9109662620914284 -8 18
5114580960531603 -8 20
2687410104783217 -8 22
1319145235498402 -8 24
603661032528753 -8 26
256930682807306 -8 28
101436771564957 -8 30
37033503879608 -8 32
12458751769094 -8 34
3846370329619 -8 36
1084528794086 -8 38
277707439887 -8 40
64144619926 -8 42
13255746789 -8 44
2426180004 -8 46
388269505 -8 48
53421453 -8 50
6171027 -8 52
578092 -8 54
41499 -8 56
2047 -8 58
55 -8 60
20 -6 -60
1203 -6 -58
28859 -6 -56
440073 -6 -54
5014440 -6 -52
45592484 -6 -50
344564246 -6 -48
2222946424 -6 -46
12475822878 -6 -44
61777096537 -6 -42
272878094254 -6 -40
1084671343165 -6 -38
3907771241106 -6 -36
12836727846952 -6 -34
38642024630019 -6 -32
107055967638693 -6 -30
273974236536093 -6 -28
649744147148213 -6 -26
1431900974595815 -6 -24
2939483186487205 -6 -22
5632901856599484 -6 -20
10094746500739484 -6 -18
16945545172101311 -6 -16
26681717618056757 -6 -14
39453529545288998 -6 -12
54841382193776324 -6 -10
71720587816089821 -6 -8
88304802107303802 -6 -6
102412843301346531 -6 -4
111921421031056422 -6 -2
115280440171729926 -6 0
111921421031056422 -6 2
102412843301346531 -6 4
88304802107303802 -6 6
71720587816089821 -6 8
54841382193776324 -6 10
39453529545288998 -6 12
26681717618056757 -6 14
16945545172101311 -6 16
10094746500739484 -6 18
5632901856599484 -6 20
2939483186487205 -6 22
1431900974595815 -6 24
649744147148213 -6 26
273974236536093 -6 28
107055967638693 -6 30
38642024630019 -6 32
12836727846952 -6 34
3907771241106 -6 36
1084671343165 -6 38
272878094254 -6 40
61777096537 -6 42
12475822878 -6 44
2222946424 -6 46
344564246 -6 48
45592484 -6 50
5014440 -6 52
440073 -6 54
28859 -6 56
1203 -6 58
20 -6 60
4 -4 -60
612 -4 -58
17977 -4 -56
310415 -4 -54
3820574 -4 -52
36723308 -4 -50
289808032 -4 -48
1936373388 -4 -46
11190935277 -4 -44
56821515090 -4 -42
256509100657 -4 -40
1039269312568 -4 -38
3808126234909 -4 -36
12699741971891 -4 -34
38750768297654 -4 -32
108672872379812 -4 -30
281183322818884 -4 -28
673482872538616 -4 -26
1497545448398598 -4 -24
3099087767806692 -4 -22
5981787138152359 -4 -20
10789246273819900 -4 -18
18214840888708088 -4 -16
28823539048133660 -4 -14
42803746242794770 -4 -12
59713443655963112 -4 -10
78322315641809091 -4 -8
96653445120255529 -4 -6
112277899261981959 -4 -4
122822155391146317 -4 -2
126549451774496074 -4 0
122822155391146317 -4 2
112277899261981959 -4 4
96653445120255529 -4 6
78322315641809091 -4 8
59713443655963112 -4 10
42803746242794770 -4 12
28823539048133660 -4 14
18214840888708088 -4 16
10789246273819900 -4 18
5981787138152359 -4 20
3099087767806692 -4 22
1497545448398598 -4 24
673482872538616 -4 26
281183322818884 -4 28
108672872379812 -4 30
38750768297654 -4 32
12699741971891 -4 34
3808126234909 -4 36
1039269312568 -4 38
256509100657 -4 40
56821515090 -4 42
11190935277 -4 44
1936373388 -4 46
289808032 -4 48
36723308 -4 50
3820574 -4 52
310415 -4 54
17977 -4 56
612 -4 58
4 -4 60
277 -2 -58
10284 -2 -56
203162 -2 -54
2725474 -2 -52
27901215 -2 -50
231027595 -2 -48
1604247059 -2 -46
9571834665 -2 -44
49933520241 -2 -42
230746869893 -2 -40
954233683608 -2 -38
3560399669859 -2 -36
12066426263306 -2 -34
37352788318734 -2 -32
106116163597336 -2 -30
277781082880969 -2 -28
672338182498403 -2 -26
1509151533561585 -2 -24
3149635158720268 -2 -22
6125527998659449 -2 -20
11123125292217152 -2 -18
18890364059449032 -2 -16
30047785099502447 -2 -14
44820800573194129 -2 -12
62761563680642067 -2 -10
82571193183032795 -2 -8
102137219525606242 -2 -6
118847511772336033 -2 -4
130139527528217577 -2 -2
134133797584658868 -2 0
130139527528217577 -2 2
118847511772336033 -2 4
102137219525606242 -2 6
82571193183032795 -2 8
62761563680642067 -2 10
44820800573194129 -2 12
30047785099502447 -2 14
18890364059449032 -2 16
11123125292217152 -2 18
6125527998659449 -2 20
3149635158720268 -2 22
1509151533561585 -2 24
672338182498403 -2 26
277781082880969 -2 28
106116163597336 -2 30
37352788318734 -2 32
12066426263306 -2 34
3560399669859 -2 36
954233683608 -2 38
230746869893 -2 40
49933520241 -2 42
9571834665 -2 44
1604247059 -2 46
231027595 -2 48
27901215 -2 50
2725474 -2 52
203162 -2 54
10284 -2 56
277 -2 58
78 0 -58
5161 0 -56
121874 0 -54
1817814 0 -52
19990049 0 -50
174559648 0 -48
1264220535 0 -46
7808225874 0 -44
41936315031 0 -42
198699689799 0 -40
839828012161 0 -38
3194356071226 0 -36
11012333133444 0 -34
34613490218851 0 -32
99686654069419 0 -30
264170647961749 0 -28
646479446759943 0 -26
1465533255119633 0 -24
3085828339009652 0 -22
6049094614557021 0 -20
11061724274893719 0 -18
18902578216473273 0 -16
30229483191906824 0 -14
45300377045998160 0 -12
63679092147158909 0 -10
84042226220710996 0 -8
104210109928849734 0 -6
121469709234523078 0 -4
133148808592387056 0 -2
137282808637279970 0 0
133148808592387056 0 2
121469709234523078 0 4
104210109928849734 0 6
84042226220710996 0 8
63679092147158909 0 10
45300377045998160 0 12
30229483191906824 0 14
18902578216473273 0 16
11061724274893719 0 18
6049094614557021 0 20
3085828339009652 0 22
1465533255119633 0 24
646479446759943 0 26
264170647961749 0 28
99686654069419 0 30
34613490218851 0 32
11012333133444 0 34
3194356071226 0 36
839828012161 0 38
198699689799 0 40
41936315031 0 42
7808225874 0 44
1264220535 0 46
174559648 0 48
19990049 0 50
1817814 0 52
121874 0 54
5161 0 56
78 0 58
20 2 -58
2319 2 -56
66973 2 -54
1128660 2 -52
13469095 2 -50
124892655 2 -48
947477328 2 -46
6075342108 2 -44
33665168906 2 -42
163823395774 2 -40
708632105367 2 -38
2750701224560 2 -36
9655193434532 2 -34
30838719838682 2 -32
90099587697558 2 -30
241857701361915 2 -28
598748060820045 2 -26
1371448419410512 2 -24
2914577132752031 2 -22
5760713810484957 2 -20
10611647075576656 2 -18
18250341399297409 2 -16
29349851174285600 2 -14
44192943020342170 2 -12
62371587600099787 2 -10
82584530168326670 2 -8
102660130534676405 2 -6
119876920468619824 2 -4
131543343239190057 2 -2
135675736604463430 2 0
131543343239190057 2 2
119876920468619824 2 4
102660130534676405 2 6
82584530168326670 2 8
62371587600099787 2 10
44192943020342170 2 12
29349851174285600 2 14
18250341399297409 2 16
10611647075576656 2 18
5760713810484957 2 20
2914577132752031 2 22
1371448419410512 2 24
598748060820045 2 26
241857701361915 2 28
90099587697558 2 30
30838719838682 2 32
9655193434532 2 34
2750701224560 2 36
708632105367 2 38
163823395774 2 40
33665168906 2 42
6075342108 2 44
947477328 2 46
124892655 2 48
13469095 2 50
1128660 2 52
66973 2 54
2319 2 56
20 2 58
810 4 -56
33093 4 -54
649596 4 -52
8521465 4 -50
84511672 4 -48
674827820 4 -46
4507324645 4 -44
25831594341 4 -42
129332381568 4 -40
573327442422 4 -38
2273710281019 4 -36
8133383846389 4 -34
26418826974717 4 -32
78354681535396 4 -30
213178547871257 4 -28
534147725412413 4 -26
1236751994218522 4 -24
2653780033857763 4 -22
5290433905767725 4 -20
9819619538653245 4 -18
17001099073679081 4 -16
27499480773226832 4 -14
41612099853896766 4 -12
58972669874552560 4 -10
78346553590908723 4 -8
97644638906170466 4 -6
114230444555552468 4 -4
125485446048576705 4 -2
129474965472216602 4 0
125485446048576705 4 2
114230444555552468 4 4
97644638906170466 4 6
78346553590908723 4 8
58972669874552560 4 10
41612099853896766 4 12
27499480773226832 4 14
17001099073679081 4 16
9819619538653245 4 18
5290433905767725 4 20
2653780033857763 4 22
1236751994218522 4 24
534147725412413 4 26
213178547871257 4 28
78354681535396 4 30
26418826974717 4 32
8133383846389 4 34
2273710281019 4 36
573327442422 4 38
129332381568 4 40
25831594341 4 42
4507324645 4 44
674827820 4 46
84511672 4 48
8521465 4 50
649596 4 52
33093 4 54
810 4 56
244 6 -56
14505 6 -54
342845 6 -52
5035478 6 -50
53959298 6 -48
456238774 6 -46
3186769291 6 -44
18939947640 6 -42
97756290622 6 -40
444773319127 6 -38
1804185159165 6 -36
6583210162461 6 -34
21763015290691 6 -32
65565707468498 6 -30
180900066647535 6 -28
458987472918620 6 -26
1074710865819918 6 -24
2329271727584674 6 -22
4685015569913276 6 -20
8764578594770664 6 -18
15279524220224345 6 -16
24863156211112125 6 -14
37815623668547274 6 -12
53821792870755131 6 -10
71751457039808987 6 -8
89664307730509399 6 -6
105093822874941796 6 -4
115579630497636642 6 -2
119299231968207102 6 0
115579630497636642 6 2
105093822874941796 6 4
89664307730509399 6 6
71751457039808987 6 8
53821792870755131 6 10
37815623668547274 6 12
24863156211112125 6 14
15279524220224345 6 16
8764578594770664 6 18
4685015569913276 6 20
2329271727584674 6 22
1074710865819918 6 24
458987472918620 6 26
180900066647535 6 28
65565707468498 6 30
21763015290691 6 32
6583210162461 6 34
1804185159165 6 36
444773319127 6 38
97756290622 6 40
18939947640 6 42
3186769291 6 44
456238774 6 46
53959298 6 48
5035478 6 50
342845 6 52
14505 6 54
244 6 56
32 8 -56
5444 8 -54
164752 8 -52
2768531 8 -50
32409600 8 -48
292220198 8 -46
2144708962 8 -44
13261396739 8 -42
70722358743 8 -40
330798183716 8 -38
1374217048381 8 -36
5119814184778 8 -34
17239008947476 8 -32
52790417724412 8 -30
147786959834914 8 -28
379878461698813 8 -26
899871918770666 8 -24
1970646380114892 8 -22
4000345406986245 8 -20
7544833963244457 8 -18
13247204548858332 8 -16
21689724031881946 8 -14
33163441753506608 8 -12
47408932844632174 8 -10
63428187753041486 8 -8
79481593298632652 8 -6
93341085231162730 8 -4
102774208747577174 8 -2
106122925235335198 8 0
102774208747577174 8 2
93341085231162730 8 4
79481593298632652 8 6
63428187753041486 8 8
47408932844632174 8 10
33163441753506608 8 12
21689724031881946 8 14
13247204548858332 8 16
7544833963244457 8 18
4000345406986245 8 20
1970646380114892 8 22
899871918770666 8 24
379878461698813 8 26
147786959834914 8 28
52790417724412 8 30
17239008947476 8 32
5119814184778 8 34
1374217048381 8 36
330798183716 8 38
70722358743 8 40
13261396739 8 42
2144708962 8 44
292220198 8 46
32409600 8 48
2768531 8 50
164752 8 52
5444 8 54
32 8 56
1679 10 -54
70326 10 -52
1401822 10 -50
18226876 10 -48
176887161 10 -46
1371770000 10 -44
8858155390 10 -42
48940951749 10 -40
235785898522 10 -38
1004548176410 10 -36
3825344569512 10 -34
13129906463989 10 -32
40895381285420 10 -30
116227459732420 10 -28
302803546827017 10 -26
725957126458734 10 -24
1606884548409066 10 -22
3293052138897383 10 -20
6263160607858862 10 -18
11077948314837289 10 -16
18253831745631542 10 -14
28062016707304723 10 -12
40298588886072526 10 -10
54113659864921976 10 -8
68001929201088490 10 -6
80020382624912376 10 -4
88213206125523257 10 -2
91123881774632610 10 0
88213206125523257 10 2
80020382624912376 10 4
68001929201088490 10 6
54113659864921976 10 8
40298588886072526 10 10
28062016707304723 10 12
18253831745631542 10 14
11077948314837289 10 16
6263160607858862 10 18
3293052138897383 10 20
1606884548409066 10 22
725957126458734 10 24
302803546827017 10 26
116227459732420 10 28
40895381285420 10 30
13129906463989 10 32
3825344569512 10 34
1004548176410 10 36
235785898522 10 38
48940951749 10 40
8858155390 10 42
1371770000 10 44
176887161 10 46
18226876 10 48
1401822 10 50
70326 10 52
1679 10 54
354 12 -54
26415 12 -52
647615 12 -50
9541627 12 -48
100799753 12 -46
831865007 12 -44
5636475824 12 -42
32364948677 12 -40
160967775305 12 -38
704460626400 12 -36
2745217278058 12 -34
9613762739772 12 -32
30477481015169 12 -30
87984741182602 12 -28
232434127486751 12 -26
564194131519171 12 -24
1262665157641430 12 -22
2613053184593381 12 -20
5012919417828635 12 -18
8933844217319280 12 -16
14817529588812229 12 -14
22906870976209525 12 -12
33049259968518207 12 -10
44546922710179403 12 -8
56143027774935049 12 -6
66202164555616418 12 -4
73070332311245859 12 -2
75512343744573280 12 0
73070332311245859 12 2
66202164555616418 12 4
56143027774935049 12 6
44546922710179403 12 8
33049259968518207 12 10
22906870976209525 12 12
14817529588812229 12 14
8933844217319280 12 16
5012919417828635 12 18
2613053184593381 12 20
1262665157641430 12 22
564194131519171 12 24
232434127486751 12 26
87984741182602 12 28
30477481015169 12 30
9613762739772 12 32
2745217278058 12 34
704460626400 12 36
160967775305 12 38
32364948677 12 40
5636475824 12 42
831865007 12 44
100799753 12 46
9541627 12 48
647615 12 50
26415 12 52
354 12 54
20 14 -54
8196 14 -52
267866 14 -50
4613239 14 -48
53826307 14 -46
476873968 14 -44
3409455102 14 -42
20425113432 14 -40
105153884033 14 -38
473635111448 14 -36
1891434492583 14 -34
6765184174267 14 -32
21846111854938 14 -30
64099427663291 14 -28
171786897636700 14 -26
422339549005036 14 -24
955968696678385 14 -22
1998320784127507 14 -20
3867711540819329 14 -18
6946541446546576 14 -16
11599031996794973 14 -14
18034278658918942 14 -12
26143959312490815 14 -10
35375939239722797 14 -8
44717969895029843 14 -6
52841877471580320 14 -4
58397825942984734 14 -2
60374888640410578 14 0
58397825942984734 14 2
52841877471580320 14 4
44717969895029843 14 6
35375939239722797 14 8
26143959312490815 14 10
18034278658918942 14 12
11599031996794973 14 14
6946541446546576 14 16
3867711540819329 14 18
1998320784127507 14 20
955968696678385 14 22
422339549005036 14 24
171786897636700 14 26
64099427663291 14 28
21846111854938 14 30
6765184174267 14 32
1891434492583 14 34
473635111448 14 36
105153884033 14 38
20425113432 14 40
3409455102 14 42
476873968 14 44
53826307 14 46
4613239 14 48
267866 14 50
8196 14 52
20 14 54
1932 16 -52
97502 16 -50
2035158 16 -48
26752769 16 -46
257361169 16 -44
1955277955 16 -42
12278810569 16 -40
65647949330 16 -38
305031651357 16 -36
1250381084140 16 -34
4573273114440 16 -32
15056205651319 16 -30
44929850870602 16 -28
122217295885533 16 -26
304450991208840 16 -24
697200375518493 16 -22
1472488899614721 16 -20
2875944667634147 16 -18
5206442140867376 16 -16
8753407217574761 16 -14
13689834227498189 16 -12
19943200205393982 16 -10
27092592797633506 16 -8
34351870098610493 16 -6
40680616316718910 16 -4
45016135108443704 16 -2
46560206075614078 16 0
45016135108443704 16 2
40680616316718910 16 4
34351870098610493 16 6
27092592797633506 16 8
19943200205393982 16 10
13689834227498189 16 12
8753407217574761 16 14
5206442140867376 16 16
2875944667634147 16 18
1472488899614721 16 20
697200375518493 16 22
304450991208840 16 24
122217295885533 16 26
44929850870602 16 28
15056205651319 16 30
4573273114440 16 32
1250381084140 16 34
305031651357 16 36
65647949330 16 38
12278810569 16 40
1955277955 16 42
257361169 16 44
26752769 16 46
2035158 16 48
97502 16 50
1932 16 52
222 18 -52
29857 18 -50
807208 18 -48
12281477 18 -46
130081733 18 -44
1059447260 18 -42
7014533685 18 -40
39101683315 18 -38
187949530710 18 -36
792419127370 18 -34
2967997256397 18 -32
9972411330811 18 -30
30289421539032 18 -28
83674983264229 18 -26
211289011228469 18 -24
489683905729375 18 -22
1045185377336259 18 -20
2060392992659321 18 -18
3760360421209750 18 -16
6366625500309554 18 -14
10016713126124905 18 -12
14665204530425668 18 -10
20003086524360361 18 -8
25441860879835753 18 -6
30195744357239083 18 -4
33457993426469298 18 -2
34620819731096468 18 0
33457993426469298 18 2
30195744357239083 18 4
25441860879835753 18 6
20003086524360361 18 8
14665204530425668 18 10
10016713126124905 18 12
6366625500309554 18 14
3760360421209750 18 16
2060392992659321 18 18
1045185377336259 18 20
489683905729375 18 22
211289011228469 18 24
83674983264229 18 26
30289421539032 18 28
9972411330811 18 30
2967997256397 18 32
792419127370 18 34
187949530710 18 36
39101683315 18 38
7014533685 18 40
1059447260 18 42
130081733 18 44
12281477 18 46
807208 18 48
29857 18 50
222 18 52
4 20 -52
7131 20 -50
281061 20 -48
5144411 20 -46
61164982 20 -44
540048328 20 -42
3796579402 20 -40
22172743803 20 -38
110625710903 20 -36
480880925468 20 -34
1847671285770 20 -32
6343888300948 20 -30
19629571985166 20 -28
55107003641878 20 -26
141120879683235 20 -24
331115964779453 20 -22
714419767765260 20 -20
1421753942698468 20 -18
2616314250739429 20 -16
4461359549867886 20 -14
7061900178818616 20 -12
10391686243791714 20 -10
14232341271337728 20 -8
18159420309530054 20 -6
21601007667330801 20 -4
23966845447598670 20 -2
24810880507753950 20 0
23966845447598670 20 2
21601007667330801 20 4
18159420309530054 20 6
14232341271337728 20 8
10391686243791714 20 10
7061900178818616 20 12
4461359549867886 20 14
2616314250739429 20 16
1421753942698468 20 18
714419767765260 20 20
331115964779453 20 22
141120879683235 20 24
55107003641878 20 26
19629571985166 20 28
6343888300948 20 30
1847671285770 20 32
480880925468 20 34
110625710903 20 36
22172743803 20 38
3796579402 20 40
540048328 20 42
61164982 20 44
5144411 20 46
281061 20 48
7131 20 50
4 20 52
1083 22 -50
83273 22 -48
1937821 22 -46
26529933 22 -44
257529022 22 -42
1939581718 22 -40
11938079652 22 -38
62079337885 22 -36
279040988069 22 -34
1102160774533 22 -32
3872831137353 22 -30
12221430037751 22 -28
34893745076875 22 -26
90672479727607 22 -24
215468799189977 22 -22
470082450333274 22 -20
944594392600951 22 -18
1752909019523756 22 -16
3010790921106902 22 -14
4795220682486907 22 -12
7092538843708909 22 -10
9754260012323688 22 -8
12485598203040999 22 -6
14885639029405702 22 -4
16538402703931279 22 -2
17128560595770250 22 0
16538402703931279 22 2
14885639029405702 22 4
12485598203040999 22 6
9754260012323688 22 8
7092538843708909 22 10
4795220682486907 22 12
3010790921106902 22 14
1752909019523756 22 16
944594392600951 22 18
470082450333274 22 20
215468799189977 22 22
90672479727607 22 24
34893745076875 22 26
12221430037751 22 28
3872831137353 22 30
1102160774533 22 32
279040988069 22 34
62079337885 22 36
11938079652 22 38
1939581718 22 40
257529022 22 42
26529933 22 44
1937821 22 46
83273 22 48
1083 22 50
52 24 -50
19632 24 -48
641383 24 -46
10494830 24 -44
114107803 24 -42
931013862 24 -40
6083103308 24 -38
33134608755 24 -36
154551816894 24 -34
629139420693 24 -32
2266616394367 24 -30
7304363361276 24 -28
21229779387085 24 -26
56014853377761 24 -24
134874651236644 24 -22
297625963636938 24 -20
603993613292987 24 -18
1130457836911555 24 -16
1955953394283022 24 -14
3134627638365591 24 -12
4660420042933160 24 -10
6436231560242732 24 -8
8265021606665146 24 -6
9876278798393194 24 -4
10987819452007033 24 -2
11385071339557890 24 0
10987819452007033 24 2
9876278798393194 24 4
8265021606665146 24 6
6436231560242732 24 8
4660420042933160 24 10
3134627638365591 24 12
1955953394283022 24 14
1130457836911555 24 16
603993613292987 24 18
297625963636938 24 20
134874651236644 24 22
56014853377761 24 24
21229779387085 24 26
7304363361276 24 28
2266616394367 24 30
629139420693 24 32
154551816894 24 34
33134608755 24 36
6083103308 24 38
931013862 24 40
114107803 24 42
10494830 24 44
641383 24 46
19632 24 48
52 24 50
3255 26 -48
181059 26 -46
3728812 26 -44
46567343 26 -42
417478796 26 -40
2921968175 26 -38
16773123835 26 -36
81531780855 26 -34
343103577580 26 -32
1270176743048 26 -30
4186704809230 26 -28
12401299272099 26 -26
33250733679996 26 -24
81167623451237 26 -22
181230014750856 26 -20
371518461156771 26 -18
701405549063306 26 -16
1222611786288877 26 -14
1971655553586794 26 -12
2946603934935241 26 -10
4086417453974349 26 -8
5264419124474829 26 -6
6305052305026301 26 -4
7024206040506222 26 -2
7281448852068236 26 0
7024206040506222 26 2
6305052305026301 26 4
5264419124474829 26 6
4086417453974349 26 8
2946603934935241 26 10
1971655553586794 26 12
1222611786288877 26 14
701405549063306 26 16
371518461156771 26 18
181230014750856 26 20
81167623451237 26 22
33250733679996 26 24
12401299272099 26 26
4186704809230 26 28
1270176743048 26 30
343103577580 26 32
81531780855 26 34
16773123835 26 36
2921968175 26 38
417478796 26 40
46567343 26 42
3728812 26 44
181059 26 46
3255 26 48
258 28 -48
41513 28 -46
1165553 28 -44
17311460 28 -42
173669026 28 -40
1316750431 28 -38
8024979097 28 -36
40862150459 28 -34
178417151508 28 -32
680518392074 28 -30
2298723414175 28 -28
6948834762099 28 -26
18951467249207 28 -24
46931541404924 28 -22
106072992793478 28 -20
219713504676577 28 -18
418478858222742 28 -16
734910989891836 28 -14
1192605796444015 28 -12
1791561140435269 28 -10
2494904193153556 28 -8
3224356492298423 28 -6
3870422618393058 28 -4
4317671141818283 28 -2
4477790153913974 28 0
4317671141818283 28 2
3870422618393058 28 4
3224356492298423 28 6
2494904193153556 28 8
1791561140435269 28 10
1192605796444015 28 12
734910989891836 28 14
418478858222742 28 16
219713504676577 28 18
106072992793478 28 20
46931541404924 28 22
18951467249207 28 24
6948834762099 28 26
2298723414175 28 28
680518392074 28 30
178417151508 28 32
40862150459 28 34
8024979097 28 36
1316750431 28 38
173669026 28 40
17311460 28 42
1165553 28 44
41513 28 46
258 28 48
2 30 -48
6992 30 -46
311085 30 -44
5773761 30 -42
66438600 30 -40
553471861 30 -38
3614133662 30 -36
19397531561 30 -34
88265593380 30 -32
347969047818 30 -30
1207333893571 30 -28
3730826073834 30 -26
10361954355073 30 -24
26052663281390 30 -22
59636217559618 30 -20
124852543776880 30 -18
239944001681389 30 -16
424556210360399 30 -14
693282814178976 30 -12
1046806478478019 30 -10
1463728929156610 30 -8
1897590846512969 30 -6
2282819536369916 30 -4
2549941583309620 30 -2
2645652552402900 30 0
2549941583309620 30 2
2282819536369916 30 4
1897590846512969 30 6
1463728929156610 30 8
1046806478478019 30 10
693282814178976 30 12
424556210360399 30 14
239944001681389 30 16
124852543776880 30 18
59636217559618 30 20
26052663281390 30 22
10361954355073 30 24
3730826073834 30 26
1207333893571 30 28
347969047818 30 30
88265593380 30 32
19397531561 30 34
3614133662 30 36
553471861 30 38
66438600 30 40
5773761 30 42
311085 30 44
6992 30 46
2 30 48
686 32 -46
68321 32 -44
1694222 32 -42
23115063 32 -40
215457031 32 -38
1524666425 32 -36
8690772180 32 -34
41431907621 32 -32
169462264377 32 -30
605613826847 32 -28
1916854850120 32 -26
5429330863595 32 -24
13872915015232 32 -22
32182385996075 32 -20
68124461409534 32 -18
132126649989931 32 -16
235559241022765 32 -14
387053078879425 32 -12
587365087723562 32 -10
824567719592237 32 -8
1072196430572043 32 -6
1292584795655111 32 -4
1445641477091072 32 -2
1500524603072474 32 0
1445641477091072 32 2
1292584795655111 32 4
1072196430572043 32 6
824567719592237 32 8
587365087723562 32 10
387053078879425 32 12
235559241022765 32 14
132126649989931 32 16
68124461409534 32 18
32182385996075 32 20
13872915015232 32 22
5429330863595 32 24
1916854850120 32 26
605613826847 32 28
169462264377 32 30
41431907621 32 32
8690772180 32 34
1524666425 32 36
215457031 32 38
23115063 32 40
1694222 32 42
68321 32 44
686 32 46
16 34 -46
11348 34 -44
425540 34 -42
7210403 34 -40
77020033 34 -38
599005837 34 -36
3659851270 34 -34
18395979460 34 -32
78416314339 34 -30
289590102264 34 -28
941066041306 34 -26
2722910688180 34 -24
7079057819968 34 -22
16655320747643 34 -20
35664329249317 34 -18
69821919321946 34 -16
125431620248968 34 -14
207368910578146 34 -12
316231370221509 34 -10
445633030644288 34 -8
581117076247020 34 -6
701953634097438 34 -4
785989479435418 34 -2
816143740428950 34 0
785989479435418 34 2
701953634097438 34 4
581117076247020 34 6
445633030644288 34 8
316231370221509 34 10
207368910578146 34 12
125431620248968 34 14
69821919321946 34 16
35664329249317 34 18
16655320747643 34 20
7079057819968 34 22
2722910688180 34 24
941066041306 34 26
289590102264 34 28
78416314339 34 30
18395979460 34 32
3659851270 34 34
599005837 34 36
77020033 34 38
7210403 34 40
425540 34 42
11348 34 44
16 34 46
1175 36 -44
88212 36 -42
1977537 36 -40
25006587 36 -38
217634138 36 -36
1441647499 36 -34
7698454882 36 -32
34384548207 36 -30
131724339453 36 -28
440717392554 36 -26
1305272545779 36 -24
3457596565508 36 -22
8258173175140 36 -20
17898010621876 36 -18
35379477414477 36 -16
64046845771094 36 -14
106527449927681 36 -12
163218123845989 36 -10
230834061387457 36 -8
301808269336268 36 -6
365223810525165 36 -4
409377402592034 36 -2
425229838431424 36 0
409377402592034 36 2
365223810525165 36 4
301808269336268 36 6
230834061387457 36 8
163218123845989 36 10
106527449927681 36 12
64046845771094 36 14
35379477414477 36 16
17898010621876 36 18
8258173175140 36 20
3457596565508 36 22
1305272545779 36 24
440717392554 36 26
131724339453 36 28
34384548207 36 30
7698454882 36 32
1441647499 36 34
217634138 36 36
25006587 36 38
1977537 36 40
88212 36 42
1175 36 44
47 38 -44
14138 38 -42
464326 38 -40
7270421 38 -38
72513467 38 -36
528136278 38 -34
3024063784 38 -32
14242935854 38 -30
56858194164 38 -28
196502693170 38 -26
597122688915 38 -24
1614326993776 38 -22
3918491057657 38 -20
8601533421419 38 -18
17173521317803 38 -16
31330744752070 38 -14
52422058847776 38 -12
80680279156698 38 -10
114481436407332 38 -8
150033601911123 38 -6
181843096528501 38 -4
204009420897625 38 -2
211970984092192 38 0
204009420897625 38 2
181843096528501 38 4
150033601911123 38 6
114481436407332 38 8
80680279156698 38 10
52422058847776 38 12
31330744752070 38 14
17173521317803 38 16
8601533421419 38 18
3918491057657 38 20
1614326993776 38 22
597122688915 38 24
196502693170 38 26
56858194164 38 28
14242935854 38 30
3024063784 38 32
528136278 38 34
72513467 38 36
7270421 38 38
464326 38 40
14138 38 42
47 38 44
1474 40 -42
90084 40 -40
1857233 40 -38
21920282 40 -36
178716788 40 -34
1109788943 40 -32
5553731009 40 -30
23226659261 40 -28
83234162867 40 -26
260223605983 40 -24
719410380052 40 -22
1777039750377 40 -20
3954106619724 40 -18
7977220821032 40 -16
14668098485914 40 -14
24685485383324 40 -12
38152230443331 40 -10
54296154694216 40 -8
71299655726857 40 -6
86525280540604 40 -4
97139676853699 40 -2
100952775331188 40 0
97139676853699 40 2
86525280540604 40 4
71299655726857 40 6
54296154694216 40 8
38152230443331 40 10
24685485383324 40 12
14668098485914 40 14
7977220821032 40 16
3954106619724 40 18
1777039750377 40 20
719410380052 40 22
260223605983 40 24
83234162867 40 26
23226659261 40 28
5553731009 40 30
1109788943 40 32
178716788 40 34
21920282 40 36
1857233 40 38
90084 40 40
1474 40 42
68 42 -42
13745 42 -40
405943 42 -38
5926649 42 -36
55402659 42 -34
378398056 42 -32
2030405069 42 -30
8952146913 42 -28
33412362202 42 -26
107815867621 42 -24
305489274982 42 -22
769099557757 42 -20
1736415182017 42 -18
3541611316103 42 -16
6564437608672 42 -14
11110405189151 42 -12
17238047578171 42 -10
24593947268423 42 -8
32345533555998 42 -6
39286896683598 42 -4
44125298170055 42 -2
45863223376032 42 0
44125298170055 42 2
39286896683598 42 4
32345533555998 42 6
24593947268423 42 8
17238047578171 42 10
11110405189151 42 12
6564437608672 42 14
3541611316103 42 16
1736415182017 42 18
769099557757 42 20
305489274982 42 22
107815867621 42 24
33412362202 42 26
8952146913 42 28
2030405069 42 30
378398056 42 32
55402659 42 34
5926649 42 36
405943 42 38
13745 42 40
68 42 42
1416 44 -40
73540 44 -38
1408744 44 -36
15575467 44 -34
119086732 44 -32
692871707 44 -30
3244483485 44 -28
12677149011 44 -26
42375207036 44 -24
123375673133 44 -22
317142843227 44 -20
727344662427 44 -18
1500721112261 44 -16
2804492690839 44 -14
4772959433705 44 -12
7431184390216 44 -10
10623345332149 44 -8
13985344020118 44 -6
16993110992079 44 -4
19087781983898 44 -2
19839777145060 44 0
19087781983898 44 2
16993110992079 44 4
13985344020118 44 6
10623345332149 44 8
7431184390216 44 10
4772959433705 44 12
2804492690839 44 14
1500721112261 44 16
727344662427 44 18
317142843227 44 20
123375673133 44 22
42375207036 44 24
12677149011 44 26
3244483485 44 28
692871707 44 30
119086732 44 32
15575467 44 34
1408744 44 36
73540 44 38
1416 44 40
61 46 -40
10550 46 -38
286665 46 -36
3917982 46 -34
34328393 46 -32
219583496 46 -30
1101587203 46 -28
4532950281 46 -26
15761125506 46 -24
47291019461 46 -22
124369427552 46 -20
290119652297 46 -18
605984831713 46 -16
1142023120972 46 -14
1954078529413 46 -12
3051620436931 46 -10
4368425171680 46 -8
5752652566279 46 -6
6988336645007 46 -4
7847304194143 46 -2
8155349298862 46 0
7847304194143 46 2
6988336645007 46 4
5752652566279 46 6
4368425171680 46 8
3051620436931 46 10
1954078529413 46 12
1142023120972 46 14
605984831713 46 16
290119652297 46 18
124369427552 46 20
47291019461 46 22
15761125506 46 24
4532950281 46 26
1101587203 46 28
219583496 46 30
34328393 46 32
3917982 46 34
286665 46 36
10550 46 38
61 46 40
1043 48 -38
48220 48 -36
867016 48 -34
8980834 48 -32
64232750 48 -30
348943722 48 -28
1522726306 48 -26
5533208019 48 -24
17165271594 48 -22
46287212225 48 -20
109984144955 48 -18
232749388768 48 -16
442465957908 48 -14
761044999886 48 -12
1191507114152 48 -10
1706733363340 48 -8
2246417545931 48 -6
2726365385195 48 -4
3058960497945 48 -2
3178033192606 48 0
3058960497945 48 2
2726365385195 48 4
2246417545931 48 6
1706733363340 48 8
1191507114152 48 10
761044999886 48 12
442465957908 48 14
232749388768 48 16
109984144955 48 18
46287212225 48 20
17165271594 48 22
5533208019 48 24
1522726306 48 26
348943722 48 28
64232750 48 30
8980834 48 32
867016 48 34
48220 48 36
1043 48 38
49 50 -38
6435 50 -36
164104 50 -34
2104373 50 -32
17220482 50 -30
102663725 50 -28
478941754 50 -26
1828546813 50 -24
5885838534 50 -22
16313267958 50 -20
39543473869 50 -18
84853534332 50 -16
162765012464 50 -14
281361036873 50 -12
441359752613 50 -10
632075952829 50 -8
830733392715 50 -6
1006384303949 50 -4
1127534650802 50 -2
1170794328278 50 0
1127534650802 50 2
1006384303949 50 4
830733392715 50 6
632075952829 50 8
441359752613 50 10
281361036873 50 12
162765012464 50 14
84853534332 50 16
39543473869 50 18
16313267958 50 20
5885838534 50 22
1828546813 50 24
478941754 50 26
102663725 50 28
17220482 50 30
2104373 50 32
164104 50 34
6435 50 36
49 50 38
621 52 -36
25499 52 -34
433333 52 -32
4195101 52 -30
27898833 52 -28
140513390 52 -26
567172927 52 -24
1901857354 52 -22
5431567399 52 -20
13452445147 52 -18
29295413082 52 -16
56713624108 52 -14
98500279188 52 -12
154705870501 52 -10
221288883413 52 -8
290088187609 52 -6
350421480750 52 -4
391750579124 52 -2
406448746110 52 0
391750579124 52 2
350421480750 52 4
290088187609 52 6
221288883413 52 8
154705870501 52 10
98500279188 52 12
56713624108 52 14
29295413082 52 16
13452445147 52 18
5431567399 52 20
1901857354 52 22
567172927 52 24
140513390 52 26
27898833 52 28
4195101 52 30
433333 52 32
25499 52 34
621 52 36
35 54 -36
3165 54 -34
76188 54 -32
915688 54 -30
6953426 54 -28
38301153 54 -26
164625914 54 -24
577575235 54 -22
1704124276 54 -20
4319070022 54 -18
9551957929 54 -16
18663766612 54 -14
32554944476 54 -12
51151340328 54 -10
72993095258 54 -8
95317114108 54 -6
114672385344 54 -4
127806705428 54 -2
132453213632 54 0
127806705428 54 2
114672385344 54 4
95317114108 54 6
72993095258 54 8
51151340328 54 10
32554944476 54 12
18663766612 54 14
9551957929 54 16
4319070022 54 18
1704124276 54 20
577575235 54 22
164625914 54 24
38301153 54 26
6953426 54 28
915688 54 30
76188 54 32
3165 54 34
35 54 36
294 56 -34
10856 56 -32
175131 56 -30
1575229 56 -28
9650237 56 -26
44564293 56 -24
164428479 56 -22
502680170 56 -20
1305471374 56 -18
2933156076 56 -16
5783102168 56 -14
10123027654 56 -12
15893153857 56 -10
22593088364 56 -8
29343620870 56 -6
35108850027 56 -4
38972094275 56 -2
40329332296 56 0
38972094275 56 2
35108850027 56 4
29343620870 56 6
22593088364 56 8
15893153857 56 10
10123027654 56 12
5783102168 56 14
2933156076 56 16
1305471374 56 18
502680170 56 20
164428479 56 22
44564293 56 24
9650237 56 26
1575229 56 28
175131 56 30
10856 56 32
294 56 34
14 58 -34
1201 58 -32
28263 58 -30
318797 58 -28
2227933 58 -26
11199154 58 -24
43742080 58 -22
138993450 58 -20
370331564 58 -18
845472729 58 -16
1680977303 58 -14
2949067441 58 -12
4619149859 58 -10
6529886380 58 -8
8419664411 58 -6
10003144561 58 -4
11046615648 58 -2
11409320992 58 0
11046615648 58 2
10003144561 58 4
8419664411 58 6
6529886380 58 8
4619149859 58 10
2949067441 58 12
1680977303 58 14
845472729 58 16
370331564 58 18
138993450 58 20
43742080 58 22
11199154 58 24
2227933 58 26
318797 58 28
28263 58 30
1201 58 32
14 58 34
86 60 -32
3525 60 -30
55914 60 -28
465618 60 -26
2597970 60 -24
10836350 60 -22
35927224 60 -20
98335618 60 -18
227983611 60 -16
456334923 60 -14
800724227 60 -12
1248174872 60 -10
1750400519 60 -8
2235748298 60 -6
2632723491 60 -4
2889074621 60 -2
2977158982 60 0
2889074621 60 2
2632723491 60 4
2235748298 60 6
1750400519 60 8
1248174872 60 10
800724227 60 12
456334923 60 14
227983611 60 16
98335618 60 18
35927224 60 20
10836350 60 22
2597970 60 24
465618 60 26
55914 60 28
3525 60 30
86 60 32
2 62 -32
304 62 -30
7987 62 -28
86119 62 -26
549839 62 -24
2483007 62 -22
8644659 62 -20
24355141 62 -18
57302497 62 -16
115203284 62 -14
201547246 62 -12
311579473 62 -10
431972188 62 -8
545061658 62 -6
634855211 62 -4
691455874 62 -2
710685780 62 0
691455874 62 2
634855211 62 4
545061658 62 6
431972188 62 8
311579473 62 10
201547246 62 12
115203284 62 14
57302497 62 16
24355141 62 18
8644659 62 20
2483007 62 22
549839 62 24
86119 62 26
7987 62 28
304 62 30
2 62 32
10 64 -30
810 64 -28
13493 64 -26
104078 64 -24
521213 64 -22
1923582 64 -20
5592648 64 -18
13339358 64 -16
26846019 64 -14
46593640 64 -12
71075548 64 -10
96953407 64 -8
120372512 64 -6
138383811 64 -4
149436671 64 -2
153113000 64 0
149436671 64 2
138383811 64 4
120372512 64 6
96953407 64 8
71075548 64 10
46593640 64 12
26846019 64 14
13339358 64 16
5592648 64 18
1923582 64 20
521213 64 22
104078 64 24
13493 64 26
810 64 28
10 64 30
42 66 -28
1645 66 -26
17249 66 -24
99188 66 -22
392987 66 -20
1184537 66 -18
2863984 66 -16
5749050 66 -14
9833460 66 -12
14675828 66 -10
19555535 66 -8
23767006 66 -6
26887682 66 -4
28769334 66 -2
29392280 66 0
28769334 66 2
26887682 66 4
23767006 66 6
19555535 66 8
14675828 66 10
9833460 66 12
5749050 66 14
2863984 66 16
1184537 66 18
392987 66 20
99188 66 22
17249 66 24
1645 66 26
42 66 28
122 68 -26
2311 68 -24
16468 68 -22
72022 68 -20
227135 68 -18
557243 68 -16
1109615 68 -14
1854802 68 -12
2681334 68 -10
3455712 68 -8
4085722 68 -6
4532562 68 -4
4801245 68 -2
4894530 68 0
4801245 68 2
4532562 68 4
4085722 68 6
3455712 68 8
2681334 68 10
1854802 68 12
1109615 68 14
557243 68 16
227135 68 18
72022 68 20
16468 68 22
2311 68 24
122 68 26
2 70 -26
227 70 -24
2307 70 -22
11701 70 -20
39136 70 -18
97081 70 -16
190566 70 -14
308382 70 -12
426408 70 -10
522562 70 -8
592768 70 -6
644330 70 -4
678056 70 -2
689804 70 0
678056 70 2
644330 70 4
592768 70 6
522562 70 8
426408 70 10
308382 70 12
190566 70 14
97081 70 16
39136 70 18
11701 70 20
2307 70 22
227 70 24
2 70 26
8 72 -24
238 72 -22
1569 72 -20
5716 72 -18
14419 72 -16
27741 72 -14
42760 72 -12
55310 72 -10
63760 72 -8
69276 72 -6
73379 72 -4
75884 72 -2
76516 72 0
75884 72 2
73379 72 4
69276 72 6
63760 72 8
55310 72 10
42760 72 12
27741 72 14
14419 72 16
5716 72 18
1569 72 20
238 72 22
8 72 24
14 74 -22
150 74 -20
676 74 -18
1780 74 -16
3231 74 -14
4538 74 -12
5334 74 -10
5749 74 -8
6095 74 -6
6253 74 -4
6157 74 -2
6080 74 0
6157 74 2
6253 74 4
6095 74 6
5749 74 8
5334 74 10
4538 74 12
3231 74 14
1780 74 16
676 74 18
150 74 20
14 74 22
10 76 -20
58 76 -18
160 76 -16
259 76 -14
284 76 -12
301 76 -10
363 76 -8
390 76 -6
344 76 -4
289 76 -2
272 76 0
289 76 2
344 76 4
390 76 6
363 76 8
301 76 10
284 76 12
259 76 14
160 76 16
58 76 18
10 76 20
2 78 -18
8 78 -16
13 78 -14
10 78 -12
5 78 -10
11 78 -8
17 78 -6
10 78 -4
5 78 -2
6 78 0
5 78 2
10 78 4
17 78 6
11 78 8
5 78 10
10 78 12
13 78 14
8 78 16
2 78 18
