8
3597
100
0
1 -102 -62
1 -102 62
1 -100 -64
2 -100 -60
2 -100 60
1 -100 64
2 -98 -62
11 -98 -60
6 -98 -58
3 -98 -56
1 -98 -48
1 -98 48
3 -98 56
6 -98 58
11 -98 60
2 -98 62
12 -96 -62
27 -96 -60
37 -96 -58
11 -96 -56
11 -96 -54
4 -96 -52
5 -96 -50
1 -96 -48
5 -96 -46
4 -96 -44
2 -96 -42
2 -96 42
4 -96 44
5 -96 46
1 -96 48
5 -96 50
4 -96 52
11 -96 54
11 -96 56
37 -96 58
27 -96 60
12 -96 62
21 -94 -62
64 -94 -60
129 -94 -58
111 -94 -56
64 -94 -54
38 -94 -52
24 -94 -50
24 -94 -48
26 -94 -46
18 -94 -44
15 -94 -42
11 -94 -40
5 -94 -38
1 -94 -32
1 -94 -30
1 -94 30
1 -94 32
5 -94 38
11 -94 40
15 -94 42
18 -94 44
26 -94 46
24 -94 48
24 -94 50
38 -94 52
64 -94 54
111 -94 56
129 -94 58
64 -94 60
21 -94 62
28 -92 -62
132 -92 -60
398 -92 -58
484 -92 -56
316 -92 -54
229 -92 -52
140 -92 -50
133 -92 -48
101 -92 -46
110 -92 -44
89 -92 -42
72 -92 -40
39 -92 -38
30 -92 -36
13 -92 -34
7 -92 -32
4 -92 -30
7 -92 -28
4 -92 -26
2 -92 -24
1 -92 -22
1 -92 -20
1 -92 -18
2 -92 -16
3 -92 -14
3 -92 -12
3 -92 -10
2 -92 -8
2 -92 -6
2 -92 -4
4 -92 -2
2 -92 0
4 -92 2
2 -92 4
2 -92 6
2 -92 8
3 -92 10
3 -92 12
3 -92 14
2 -92 16
1 -92 18
1 -92 20
1 -92 22
2 -92 24
4 -92 26
7 -92 28
4 -92 30
7 -92 32
13 -92 34
30 -92 36
39 -92 38
72 -92 40
89 -92 42
110 -92 44
101 -92 46
133 -92 48
140 -92 50
229 -92 52
316 -92 54
484 -92 56
398 -92 58
132 -92 60
28 -92 62
315 -90 -60
993 -90 -58
1580 -90 -56
1459 -90 -54
1088 -90 -52
801 -90 -50
603 -90 -48
533 -90 -46
503 -90 -44
460 -90 -42
364 -90 -40
277 -90 -38
182 -90 -36
119 -90 -34
71 -90 -32
56 -90 -30
43 -90 -28
37 -90 -26
33 -90 -24
24 -90 -22
19 -90 -20
18 -90 -18
22 -90 -16
26 -90 -14
27 -90 -12
25 -90 -10
27 -90 -8
26 -90 -6
26 -90 -4
25 -90 -2
30 -90 0
25 -90 2
26 -90 4
26 -90 6
27 -90 8
25 -90 10
27 -90 12
26 -90 14
22 -90 16
18 -90 18
19 -90 20
24 -90 22
33 -90 24
37 -90 26
43 -90 28
56 -90 30
71 -90 32
119 -90 34
182 -90 36
277 -90 38
364 -90 40
460 -90 42
503 -90 44
533 -90 46
603 -90 48
801 -90 50
1088 -90 52
1459 -90 54
1580 -90 56
993 -90 58
315 -90 60
555 -88 -60
2027 -88 -58
4393 -88 -56
5281 -88 -54
4547 -88 -52
3628 -88 -50
2823 -88 -48
2455 -88 -46
2221 -88 -44
2021 -88 -42
1721 -88 -40
1439 -88 -38
1033 -88 -36
748 -88 -34
515 -88 -32
390 -88 -30
288 -88 -28
244 -88 -26
199 -88 -24
181 -88 -22
153 -88 -20
149 -88 -18
137 -88 -16
141 -88 -14
152 -88 -12
157 -88 -10
155 -88 -8
155 -88 -6
162 -88 -4
143 -88 -2
168 -88 0
143 -88 2
162 -88 4
155 -88 6
155 -88 8
157 -88 10
152 -88 12
141 -88 14
137 -88 16
149 -88 18
153 -88 20
181 -88 22
199 -88 24
244 -88 26
288 -88 28
390 -88 30
515 -88 32
748 -88 34
1033 -88 36
1439 -88 38
1721 -88 40
2021 -88 42
2221 -88 44
2455 -88 46
2823 -88 48
3628 -88 50
4547 -88 52
5281 -88 54
4393 -88 56
2027 -88 58
555 -88 60
570 -86 -60
3722 -86 -58
10630 -86 -56
16310 -86 -54
16440 -86 -52
14284 -86 -50
11705 -86 -48
10055 -86 -46
8972 -86 -44
8199 -86 -42
7420 -86 -40
6346 -86 -38
5130 -86 -36
3927 -86 -34
2976 -86 -32
2184 -86 -30
1731 -86 -28
1411 -86 -26
1208 -86 -24
1047 -86 -22
943 -86 -20
868 -86 -18
825 -86 -16
790 -86 -14
799 -86 -12
809 -86 -10
802 -86 -8
794 -86 -6
798 -86 -4
806 -86 -2
792 -86 0
806 -86 2
798 -86 4
794 -86 6
802 -86 8
809 -86 10
799 -86 12
790 -86 14
825 -86 16
868 -86 18
943 -86 20
1047 -86 22
1208 -86 24
1411 -86 26
1731 -86 28
2184 -86 30
2976 -86 32
3927 -86 34
5130 -86 36
6346 -86 38
7420 -86 40
8199 -86 42
8972 -86 44
10055 -86 46
11705 -86 48
14284 -86 50
16440 -86 52
16310 -86 54
10630 -86 56
3722 -86 58
570 -86 60
340 -84 -60
6389 -84 -58
22638 -84 -56
42634 -84 -54
51930 -84 -52
50250 -84 -50
44267 -84 -48
38263 -84 -46
34125 -84 -44
31606 -84 -42
29056 -84 -40
25656 -84 -38
21917 -84 -36
17843 -84 -34
14124 -84 -32
11033 -84 -30
8887 -84 -28
7355 -84 -26
6240 -84 -24
5431 -84 -22
4945 -84 -20
4452 -84 -18
4235 -84 -16
4064 -84 -14
3998 -84 -12
3955 -84 -10
3950 -84 -8
3938 -84 -6
3868 -84 -4
3971 -84 -2
3760 -84 0
3971 -84 2
3868 -84 4
3938 -84 6
3950 -84 8
3955 -84 10
3998 -84 12
4064 -84 14
4235 -84 16
4452 -84 18
4945 -84 20
5431 -84 22
6240 -84 24
7355 -84 26
8887 -84 28
11033 -84 30
14124 -84 32
17843 -84 34
21917 -84 36
25656 -84 38
29056 -84 40
31606 -84 42
34125 -84 44
38263 -84 46
44267 -84 48
50250 -84 50
51930 -84 52
42634 -84 54
22638 -84 56
6389 -84 58
340 -84 60
9203 -82 -58
41339 -82 -56
98329 -82 -54
145732 -82 -52
159426 -82 -50
152484 -82 -48
136639 -82 -46
123919 -82 -44
114166 -82 -42
106017 -82 -40
96192 -82 -38
85458 -82 -36
72534 -82 -34
60105 -82 -32
49165 -82 -30
40220 -82 -28
33524 -82 -26
28732 -82 -24
25376 -82 -22
22681 -82 -20
20753 -82 -18
19226 -82 -16
18361 -82 -14
17563 -82 -12
17217 -82 -10
16906 -82 -8
16727 -82 -6
16352 -82 -4
16293 -82 -2
16076 -82 0
16293 -82 2
16352 -82 4
16727 -82 6
16906 -82 8
17217 -82 10
17563 -82 12
18361 -82 14
19226 -82 16
20753 -82 18
22681 -82 20
25376 -82 22
28732 -82 24
33524 -82 26
40220 -82 28
49165 -82 30
60105 -82 32
72534 -82 34
85458 -82 36
96192 -82 38
106017 -82 40
114166 -82 42
123919 -82 44
136639 -82 46
152484 -82 48
159426 -82 50
145732 -82 52
98329 -82 54
41339 -82 56
9203 -82 58
9704 -80 -58
67165 -80 -56
203672 -80 -54
363370 -80 -52
456426 -80 -50
476950 -80 -48
454417 -80 -46
421737 -80 -44
392217 -80 -42
366849 -80 -40
341265 -80 -38
310225 -80 -36
274218 -80 -34
235652 -80 -32
199088 -80 -30
166842 -80 -28
141473 -80 -26
122541 -80 -24
107860 -80 -22
96601 -80 -20
88728 -80 -18
82199 -80 -16
77579 -80 -14
74000 -80 -12
71749 -80 -10
70120 -80 -8
68773 -80 -6
68199 -80 -4
67120 -80 -2
67976 -80 0
67120 -80 2
68199 -80 4
68773 -80 6
70120 -80 8
71749 -80 10
74000 -80 12
77579 -80 14
82199 -80 16
88728 -80 18
96601 -80 20
107860 -80 22
122541 -80 24
141473 -80 26
166842 -80 28
199088 -80 30
235652 -80 32
274218 -80 34
310225 -80 36
341265 -80 38
366849 -80 40
392217 -80 42
421737 -80 44
454417 -80 46
476950 -80 48
456426 -80 50
363370 -80 52
203672 -80 54
67165 -80 56
9704 -80 58
6691 -78 -58
96909 -78 -56
375553 -78 -54
808394 -78 -52
1182189 -78 -50
1367623 -78 -48
1398062 -78 -46
1344875 -78 -44
1276307 -78 -42
1210951 -78 -40
1146062 -78 -38
1062067 -78 -36
967073 -78 -34
857399 -78 -32
746986 -78 -30
643394 -78 -28
555162 -78 -26
483573 -78 -24
427457 -78 -22
384768 -78 -20
351488 -78 -18
326451 -78 -16
306205 -78 -14
291993 -78 -12
280353 -78 -10
272576 -78 -8
266433 -78 -6
263428 -78 -4
259791 -78 -2
260724 -78 0
259791 -78 2
263428 -78 4
266433 -78 6
272576 -78 8
280353 -78 10
291993 -78 12
306205 -78 14
326451 -78 16
351488 -78 18
384768 -78 20
427457 -78 22
483573 -78 24
555162 -78 26
643394 -78 28
746986 -78 30
857399 -78 32
967073 -78 34
1062067 -78 36
1146062 -78 38
1210951 -78 40
1276307 -78 42
1344875 -78 44
1398062 -78 46
1367623 -78 48
1182189 -78 50
808394 -78 52
375553 -78 54
96909 -78 56
6691 -78 58
2365 -76 -58
121282 -76 -56
616236 -76 -54
1620826 -76 -52
2784347 -76 -50
3607548 -76 -48
3990973 -76 -46
4039174 -76 -44
3944782 -76 -42
3808934 -76 -40
3652045 -76 -38
3457470 -76 -36
3216822 -76 -34
2932260 -76 -32
2622701 -76 -30
2319212 -76 -28
2039325 -76 -26
1799796 -76 -24
1605684 -76 -22
1451765 -76 -20
1327969 -76 -18
1231987 -76 -16
1155342 -76 -14
1097766 -76 -12
1051927 -76 -10
1018192 -76 -8
994540 -76 -6
976713 -76 -4
968134 -76 -2
962318 -76 0
968134 -76 2
976713 -76 4
994540 -76 6
1018192 -76 8
1051927 -76 10
1097766 -76 12
1155342 -76 14
1231987 -76 16
1327969 -76 18
1451765 -76 20
1605684 -76 22
1799796 -76 24
2039325 -76 26
2319212 -76 28
2622701 -76 30
2932260 -76 32
3216822 -76 34
3457470 -76 36
3652045 -76 38
3808934 -76 40
3944782 -76 42
4039174 -76 44
3990973 -76 46
3607548 -76 48
2784347 -76 50
1620826 -76 52
616236 -76 54
121282 -76 56
2365 -76 58
122634 -74 -56
894362 -74 -54
2943412 -74 -52
5958436 -74 -50
8749833 -74 -48
10565858 -74 -46
11382842 -74 -44
11542642 -74 -42
11400961 -74 -40
11117306 -74 -38
10728417 -74 -36
10182885 -74 -34
9497693 -74 -32
8701477 -74 -30
7866234 -74 -28
7055739 -74 -26
6323496 -74 -24
5699646 -74 -22
5181369 -74 -20
4760308 -74 -18
4420228 -74 -16
4150745 -74 -14
3934355 -74 -12
3767493 -74 -10
3638777 -74 -8
3547672 -74 -6
3481549 -74 -4
3451757 -74 -2
3431036 -74 0
3451757 -74 2
3481549 -74 4
3547672 -74 6
3638777 -74 8
3767493 -74 10
3934355 -74 12
4150745 -74 14
4420228 -74 16
4760308 -74 18
5181369 -74 20
5699646 -74 22
6323496 -74 24
7055739 -74 26
7866234 -74 28
8701477 -74 30
9497693 -74 32
10182885 -74 34
10728417 -74 36
11117306 -74 38
11400961 -74 40
11542642 -74 42
11382842 -74 44
10565858 -74 46
8749833 -74 48
5958436 -74 50
2943412 -74 52
894362 -74 54
122634 -74 56
90835 -72 -56
1153162 -72 -54
4831748 -72 -52
11620292 -72 -50
19530654 -72 -48
25994112 -72 -46
30058191 -72 -44
31961785 -72 -42
32557223 -72 -40
32439394 -72 -38
31878205 -72 -36
30833892 -72 -34
29353232 -72 -32
27483937 -72 -30
25368628 -72 -28
23194661 -72 -26
21118749 -72 -24
19253670 -72 -22
17642649 -72 -20
16300953 -72 -18
15193122 -72 -16
14296328 -72 -14
13564323 -72 -12
12994405 -72 -10
12550967 -72 -8
12223543 -72 -6
12002613 -72 -4
11874767 -72 -2
11829682 -72 0
11874767 -72 2
12002613 -72 4
12223543 -72 6
12550967 -72 8
12994405 -72 10
13564323 -72 12
14296328 -72 14
15193122 -72 16
16300953 -72 18
17642649 -72 20
19253670 -72 22
21118749 -72 24
23194661 -72 26
25368628 -72 28
27483937 -72 30
29353232 -72 32
30833892 -72 34
31878205 -72 36
32439394 -72 38
32557223 -72 40
31961785 -72 42
30058191 -72 44
25994112 -72 46
19530654 -72 48
11620292 -72 50
4831748 -72 52
1153162 -72 54
90835 -72 56
44874 -70 -56
1299850 -70 -54
7127434 -70 -52
20673563 -70 -50
40101235 -70 -48
59427604 -70 -46
74298812 -70 -44
83579994 -70 -42
88420957 -70 -40
90472175 -70 -38
90691560 -70 -36
89426933 -70 -34
86775009 -70 -32
82879099 -70 -30
78039783 -70 -28
72677445 -70 -26
67238386 -70 -24
62074424 -70 -22
57445701 -70 -20
53444858 -70 -18
50061873 -70 -16
47252176 -70 -14
44952882 -70 -12
43115415 -70 -10
41677303 -70 -8
40595552 -70 -6
39859464 -70 -4
39404064 -70 -2
39287364 -70 0
39404064 -70 2
39859464 -70 4
40595552 -70 6
41677303 -70 8
43115415 -70 10
44952882 -70 12
47252176 -70 14
50061873 -70 16
53444858 -70 18
57445701 -70 20
62074424 -70 22
67238386 -70 24
72677445 -70 26
78039783 -70 28
82879099 -70 30
86775009 -70 32
89426933 -70 34
90691560 -70 36
90472175 -70 38
88420957 -70 40
83579994 -70 42
74298812 -70 44
59427604 -70 46
40101235 -70 48
20673563 -70 50
7127434 -70 52
1299850 -70 54
44874 -70 56
10488 -68 -56
1235279 -68 -54
9408082 -68 -52
33569185 -68 -50
75800974 -68 -48
126203960 -68 -46
172000512 -68 -44
206260995 -68 -42
228323038 -68 -40
241147929 -68 -38
247471971 -68 -36
249061007 -68 -34
246295992 -68 -32
239731632 -68 -30
229978184 -68 -28
218016577 -68 -26
204948376 -68 -24
191815103 -68 -22
179465139 -68 -20
168336819 -68 -18
158658811 -68 -16
150431753 -68 -14
143615517 -68 -12
138039586 -68 -10
133651318 -68 -8
130332293 -68 -6
128028096 -68 -4
126641844 -68 -2
126238460 -68 0
126641844 -68 2
128028096 -68 4
130332293 -68 6
133651318 -68 8
138039586 -68 10
143615517 -68 12
150431753 -68 14
158658811 -68 16
168336819 -68 18
179465139 -68 20
191815103 -68 22
204948376 -68 24
218016577 -68 26
229978184 -68 28
239731632 -68 30
246295992 -68 32
249061007 -68 34
247471971 -68 36
241147929 -68 38
228323038 -68 40
206260995 -68 42
172000512 -68 44
126203960 -68 46
75800974 -68 48
33569185 -68 50
9408082 -68 52
1235279 -68 54
10488 -68 56
937256 -66 -54
11061613 -66 -52
49652688 -66 -50
131850895 -66 -48
248767123 -66 -46
372649124 -66 -44
479760544 -66 -42
559630607 -66 -40
613604881 -66 -38
647497794 -66 -36
666189865 -66 -34
671967417 -66 -32
666347673 -66 -30
650869556 -66 -28
627693946 -66 -26
599501019 -66 -24
568995492 -66 -22
538553124 -66 -20
509865602 -66 -18
484067037 -66 -16
461562892 -66 -14
442521867 -66 -12
426715273 -66 -10
414126318 -66 -8
404542168 -66 -6
397792010 -66 -4
393823513 -66 -2
392462092 -66 0
393823513 -66 2
397792010 -66 4
404542168 -66 6
414126318 -66 8
426715273 -66 10
442521867 -66 12
461562892 -66 14
484067037 -66 16
509865602 -66 18
538553124 -66 20
568995492 -66 22
599501019 -66 24
627693946 -66 26
650869556 -66 28
666347673 -66 30
671967417 -66 32
666189865 -66 34
647497794 -66 36
613604881 -66 38
559630607 -66 40
479760544 -66 42
372649124 -66 44
248767123 -66 46
131850895 -66 48
49652688 -66 50
11061613 -66 52
937256 -66 54
522098 -64 -54
11474683 -64 -52
66571325 -64 -50
210925511 -64 -48
454877405 -64 -46
755065081 -64 -44
1050850303 -64 -42
1300215355 -64 -40
1489150565 -64 -38
1623209408 -64 -36
1712183317 -64 -34
1763971773 -64 -32
1782890685 -64 -30
1773007353 -64 -28
1739123925 -64 -26
1687247025 -64 -24
1624097957 -64 -22
1555916483 -64 -20
1488130932 -64 -18
1424420090 -64 -16
1367069104 -64 -14
1317206576 -64 -12
1275309023 -64 -10
1241333421 -64 -8
1215193832 -64 -6
1196607042 -64 -4
1185670031 -64 -2
1181814138 -64 0
1185670031 -64 2
1196607042 -64 4
1215193832 -64 6
1241333421 -64 8
1275309023 -64 10
1317206576 -64 12
1367069104 -64 14
1424420090 -64 16
1488130932 -64 18
1555916483 -64 20
1624097957 -64 22
1687247025 -64 24
1739123925 -64 26
1773007353 -64 28
1782890685 -64 30
1763971773 -64 32
1712183317 -64 34
1623209408 -64 36
1489150565 -64 38
1300215355 -64 40
1050850303 -64 42
755065081 -64 44
454877405 -64 46
210925511 -64 48
66571325 -64 50
11474683 -64 52
522098 -64 54
191401 -62 -54
10286352 -62 -52
80540167 -62 -50
309895852 -62 -48
771061778 -62 -46
1429560621 -62 -44
2165830145 -62 -42
2860252812 -62 -40
3441849899 -62 -38
3893541508 -62 -36
4225779544 -62 -34
4455724493 -62 -32
4595194180 -62 -30
4654095035 -62 -28
4643315346 -62 -26
4575982117 -62 -24
4467796719 -62 -22
4334240069 -62 -20
4190051811 -62 -18
4046343631 -62 -16
3911528654 -62 -14
3790478677 -62 -12
3686648843 -62 -10
3600880829 -62 -8
3534026292 -62 -6
3486256568 -62 -4
3457655709 -62 -2
3448054702 -62 0
3457655709 -62 2
3486256568 -62 4
3534026292 -62 6
3600880829 -62 8
3686648843 -62 10
3790478677 -62 12
3911528654 -62 14
4046343631 -62 16
4190051811 -62 18
4334240069 -62 20
4467796719 -62 22
4575982117 -62 24
4643315346 -62 26
4654095035 -62 28
4595194180 -62 30
4455724493 -62 32
4225779544 -62 34
3893541508 -62 36
3441849899 -62 38
2860252812 -62 40
2165830145 -62 42
1429560621 -62 44
771061778 -62 46
309895852 -62 48
80540167 -62 50
10286352 -62 52
191401 -62 54
31239 -60 -54
7691445 -60 -52
87402273 -60 -50
417044433 -60 -48
1210424301 -60 -46
2526453264 -60 -44
4196430580 -60 -42
5951098978 -60 -40
7566380368 -60 -38
8926559006 -60 -36
10007984058 -60 -34
10828534533 -60 -32
11412541327 -60 -30
11781925035 -60 -28
11959789485 -60 -26
11975043716 -60 -24
11861269585 -60 -22
11655584963 -60 -20
11393695777 -60 -18
11107330029 -60 -16
10821405587 -60 -14
10553597827 -60 -12
10315972040 -60 -10
10115613941 -60 -8
9956905465 -60 -6
9842531810 -60 -4
9773022173 -60 -2
9750298376 -60 0
9773022173 -60 2
9842531810 -60 4
9956905465 -60 6
10115613941 -60 8
10315972040 -60 10
10553597827 -60 12
10821405587 -60 14
11107330029 -60 16
11393695777 -60 18
11655584963 -60 20
11861269585 -60 22
11975043716 -60 24
11959789485 -60 26
11781925035 -60 28
11412541327 -60 30
10828534533 -60 32
10007984058 -60 34
8926559006 -60 36
7566380368 -60 38
5951098978 -60 40
4196430580 -60 42
2526453264 -60 44
1210424301 -60 46
417044433 -60 48
87402273 -60 50
7691445 -60 52
31239 -60 54
4551853 -58 -52
84427753 -58 -50
512306197 -58 -48
1757297257 -58 -46
4163998709 -58 -44
7635971674 -58 -42
11699377124 -58 -40
15802231590 -58 -38
19539405276 -58 -36
22721283707 -58 -34
25303370316 -58 -32
27307719360 -58 -30
28771002348 -58 -28
29736953579 -58 -26
30262714043 -58 -24
30418057675 -58 -22
30285421913 -58 -20
29947931653 -58 -18
29485774077 -58 -16
28966518989 -58 -14
28444087729 -58 -12
27956518440 -58 -10
27532131520 -58 -8
27188082639 -58 -6
26935832586 -58 -4
26781622396 -58 -2
26730416160 -58 0
26781622396 -58 2
26935832586 -58 4
27188082639 -58 6
27532131520 -58 8
27956518440 -58 10
28444087729 -58 12
28966518989 -58 14
29485774077 -58 16
29947931653 -58 18
30285421913 -58 20
30418057675 -58 22
30262714043 -58 24
29736953579 -58 26
28771002348 -58 28
27307719360 -58 30
25303370316 -58 32
22721283707 -58 34
19539405276 -58 36
15802231590 -58 38
11699377124 -58 40
7635971674 -58 42
4163998709 -58 44
1757297257 -58 46
512306197 -58 48
84427753 -58 50
4551853 -58 52
1973858 -56 -52
71599558 -56 -50
571736105 -56 -48
2354686121 -56 -46
6392625906 -56 -44
13034666722 -56 -42
21708947602 -56 -40
31315971304 -56 -38
40782053547 -56 -36
49390707602 -56 -34
56802903623 -56 -32
62924683817 -56 -30
67767661406 -56 -28
71391267354 -56 -26
73890623917 -56 -24
75401181964 -56 -22
76090167597 -56 -20
76142185177 -56 -18
75743241475 -56 -16
75063200466 -56 -14
74247174896 -56 -12
73407371079 -56 -10
72630136583 -56 -8
71974306951 -56 -6
71480251694 -56 -4
71175139206 -56 -2
71071378406 -56 0
71175139206 -56 2
71480251694 -56 4
71974306951 -56 6
72630136583 -56 8
73407371079 -56 10
74247174896 -56 12
75063200466 -56 14
75743241475 -56 16
76142185177 -56 18
76090167597 -56 20
75401181964 -56 22
73890623917 -56 24
71391267354 -56 26
67767661406 -56 28
62924683817 -56 30
56802903623 -56 32
49390707602 -56 34
40782053547 -56 36
31315971304 -56 38
21708947602 -56 40
13034666722 -56 42
6392625906 -56 44
2354686121 -56 46
571736105 -56 48
71599558 -56 50
1973858 -56 52
547116 -54 -52
52069690 -54 -50
576696139 -54 -48
2904686551 -54 -46
9129739106 -54 -44
20851673700 -54 -42
37982688807 -54 -40
58828098751 -54 -38
81067551724 -54 -36
102682768368 -54 -34
122386085230 -54 -32
139541223156 -54 -30
153912926011 -54 -28
165479133308 -54 -26
174344269040 -54 -24
180727289881 -54 -22
184936091731 -54 -20
187348593629 -54 -18
188368786110 -54 -16
188392500990 -54 -14
187776737418 -54 -12
186821633832 -54 -10
185762781048 -54 -8
184778494187 -54 -6
183993840936 -54 -4
183493630507 -54 -2
183320074068 -54 0
183493630507 -54 2
183993840936 -54 4
184778494187 -54 6
185762781048 -54 8
186821633832 -54 10
187776737418 -54 12
188392500990 -54 14
188368786110 -54 16
187348593629 -54 18
184936091731 -54 20
180727289881 -54 22
174344269040 -54 24
165479133308 -54 26
153912926011 -54 28
139541223156 -54 30
122386085230 -54 32
102682768368 -54 34
81067551724 -54 36
58828098751 -54 38
37982688807 -54 40
20851673700 -54 42
9129739106 -54 44
2904686551 -54 46
576696139 -54 48
52069690 -54 50
547116 -54 52
64174 -52 -52
31377019 -52 -50
522101119 -52 -48
3288385042 -52 -46
12109592981 -52 -44
31223201102 -52 -42
62593735429 -52 -40
104644191857 -52 -38
153304121402 -52 -36
203935967671 -52 -34
252810183924 -52 -32
297540722723 -52 -30
336860782779 -52 -28
370213652285 -52 -26
397487164097 -52 -24
418894917546 -52 -22
434915294437 -52 -20
446238667313 -52 -18
453672877755 -52 -16
458073351273 -52 -14
460253843026 -52 -12
460945799388 -52 -10
460748254461 -52 -8
460140856652 -52 -6
459472675149 -52 -4
458980768473 -52 -2
458801099470 -52 0
458980768473 -52 2
459472675149 -52 4
460140856652 -52 6
460748254461 -52 8
460945799388 -52 10
460253843026 -52 12
458073351273 -52 14
453672877755 -52 16
446238667313 -52 18
434915294437 -52 20
418894917546 -52 22
397487164097 -52 24
370213652285 -52 26
336860782779 -52 28
297540722723 -52 30
252810183924 -52 32
203935967671 -52 34
153304121402 -52 36
104644191857 -52 38
62593735429 -52 40
31223201102 -52 42
12109592981 -52 44
3288385042 -52 46
522101119 -52 48
31377019 -52 50
64174 -52 52
14838086 -50 -50
419903888 -50 -48
3403232993 -50 -46
14887149177 -50 -44
43707796206 -50 -42
97052943607 -50 -40
176081444190 -50 -38
275511335839 -50 -36
386510541099 -50 -34
500144094127 -50 -32
609466221343 -50 -30
709961685007 -50 -28
799032180006 -50 -26
875423750984 -50 -24
938825122650 -50 -22
989685040761 -50 -20
1029037757798 -50 -18
1058333317616 -50 -16
1079251176059 -50 -14
1093517664812 -50 -12
1102761597127 -50 -10
1108407366750 -50 -8
1111621405640 -50 -6
1113300225290 -50 -4
1114059733323 -50 -2
1114276790274 -50 0
1114059733323 -50 2
1113300225290 -50 4
1111621405640 -50 6
1108407366750 -50 8
1102761597127 -50 10
1093517664812 -50 12
1079251176059 -50 14
1058333317616 -50 16
1029037757798 -50 18
989685040761 -50 20
938825122650 -50 22
875423750984 -50 24
799032180006 -50 26
709961685007 -50 28
609466221343 -50 30
500144094127 -50 32
386510541099 -50 34
275511335839 -50 36
176081444190 -50 38
97052943607 -50 40
43707796206 -50 42
14887149177 -50 44
3403232993 -50 46
419903888 -50 48
14838086 -50 50
5096042 -48 -50
295266162 -48 -48
3204722801 -48 -46
16923704803 -48 -44
57117444304 -48 -42
141432159477 -48 -40
279984117106 -48 -38
470069021187 -48 -36
698283162162 -48 -34
946597358397 -48 -32
1198063119353 -48 -30
1439662884003 -48 -28
1662626319490 -48 -26
1861632173793 -48 -24
2033952672477 -48 -22
2178889885153 -48 -20
2297336166836 -48 -18
2391421367037 -48 -16
2464059992097 -48 -14
2518577427200 -48 -12
2558311363727 -48 -10
2586368967491 -48 -8
2605388419800 -48 -6
2617473478530 -48 -4
2624122274362 -48 -2
2626244148250 -48 0
2624122274362 -48 2
2617473478530 -48 4
2605388419800 -48 6
2586368967491 -48 8
2558311363727 -48 10
2518577427200 -48 12
2464059992097 -48 14
2391421367037 -48 16
2297336166836 -48 18
2178889885153 -48 20
2033952672477 -48 22
1861632173793 -48 24
1662626319490 -48 26
1439662884003 -48 28
1198063119353 -48 30
946597358397 -48 32
698283162162 -48 34
470069021187 -48 36
279984117106 -48 38
141432159477 -48 40
57117444304 -48 42
16923704803 -48 44
3204722801 -48 46
295266162 -48 48
5096042 -48 50
1076597 -46 -50
177032789 -46 -48
2729585812 -46 -46
17740474339 -46 -44
69566523008 -46 -42
193481305202 -46 -40
420268132371 -46 -38
760664658137 -46 -36
1201347319708 -46 -34
1712229273570 -46 -32
2257888995837 -46 -30
2806324280886 -46 -28
3332858757568 -46 -26
3820313908080 -46 -24
4257859760428 -46 -22
4639765987333 -46 -20
4964443817753 -46 -18
5233589134954 -46 -16
5451280013085 -46 -14
5623074744468 -46 -12
5755178924774 -46 -10
5853725746175 -46 -8
5924239184986 -46 -6
5971243866813 -46 -4
5998099065090 -46 -2
6006816617612 -46 0
5998099065090 -46 2
5971243866813 -46 4
5924239184986 -46 6
5853725746175 -46 8
5755178924774 -46 10
5623074744468 -46 12
5451280013085 -46 14
5233589134954 -46 16
4964443817753 -46 18
4639765987333 -46 20
4257859760428 -46 22
3820313908080 -46 24
3332858757568 -46 26
2806324280886 -46 28
2257888995837 -46 30
1712229273570 -46 32
1201347319708 -46 34
760664658137 -46 36
420268132371 -46 38
193481305202 -46 40
69566523008 -46 42
17740474339 -46 44
2729585812 -46 46
177032789 -46 48
1076597 -46 50
91998 -44 -50
87332170 -44 -48
2085726856 -44 -46
17092688990 -44 -44
78824181975 -44 -42
248164839394 -44 -40
594912686726 -44 -38
1166331024666 -44 -36
1966360372609 -44 -34
2957070040258 -44 -32
4075589921291 -44 -30
5253657533235 -44 -28
6430939697435 -44 -26
7560282679779 -44 -24
8607982804028 -44 -22
9552161079117 -44 -20
10380949305733 -44 -18
11090666423842 -44 -16
11684031567331 -44 -14
12168235414916 -44 -12
12553121324658 -44 -10
12849471922487 -44 -8
13067681549609 -44 -6
13216676175803 -44 -4
13303262304063 -44 -2
13331635230078 -44 0
13303262304063 -44 2
13216676175803 -44 4
13067681549609 -44 6
12849471922487 -44 8
12553121324658 -44 10
12168235414916 -44 12
11684031567331 -44 14
11090666423842 -44 16
10380949305733 -44 18
9552161079117 -44 20
8607982804028 -44 22
7560282679779 -44 24
6430939697435 -44 26
5253657533235 -44 28
4075589921291 -44 30
2957070040258 -44 32
1966360372609 -44 34
1166331024666 -44 36
594912686726 -44 38
248164839394 -44 40
78824181975 -44 42
17092688990 -44 44
2085726856 -44 46
87332170 -44 48
91998 -44 50
33491883 -42 -48
1412763678 -42 -46
15075128122 -42 -44
82914624192 -42 -42
298030545136 -42 -40
793333523966 -42 -38
1692904426366 -42 -36
3059246827222 -42 -34
4871440848119 -42 -32
7039337223473 -42 -30
9436934221652 -42 -28
11934284815634 -42 -26
14417342626112 -42 -24
16795740382424 -42 -22
19003436161396 -42 -20
20996597183558 -42 -18
22750509293219 -42 -16
24256197732186 -42 -14
25516697689808 -42 -12
26543152978980 -42 -10
27351210471875 -42 -8
27957756060903 -42 -6
28378406317364 -42 -4
28625503572368 -42 -2
28706973727466 -42 0
28625503572368 -42 2
28378406317364 -42 4
27957756060903 -42 6
27351210471875 -42 8
26543152978980 -42 10
25516697689808 -42 12
24256197732186 -42 14
22750509293219 -42 16
20996597183558 -42 18
19003436161396 -42 20
16795740382424 -42 22
14417342626112 -42 24
11934284815634 -42 26
9436934221652 -42 28
7039337223473 -42 30
4871440848119 -42 32
3059246827222 -42 34
1692904426366 -42 36
793333523966 -42 38
298030545136 -42 40
82914624192 -42 42
15075128122 -42 44
1412763678 -42 46
33491883 -42 48
9167018 -40 -48
833157334 -40 -46
12109017107 -40 -44
80775603091 -40 -42
334627691414 -40 -40
995550450805 -40 -38
2323913401839 -40 -36
4520035269180 -40 -34
7648369792878 -40 -32
11623576746427 -40 -30
16250128577042 -40 -28
21281838265816 -40 -26
26472764765757 -40 -24
31607184497727 -40 -22
36511819795029 -40 -20
41057630247631 -40 -18
45156790635268 -40 -16
48757382166694 -40 -14
51836692490741 -40 -12
54393838395673 -40 -10
56442248800804 -40 -8
58002749970797 -40 -6
59097640873849 -40 -4
59746030261164 -40 -2
59960696609456 -40 0
59746030261164 -40 2
59097640873849 -40 4
58002749970797 -40 6
56442248800804 -40 8
54393838395673 -40 10
51836692490741 -40 12
48757382166694 -40 14
45156790635268 -40 16
41057630247631 -40 18
36511819795029 -40 20
31607184497727 -40 22
26472764765757 -40 24
21281838265816 -40 26
16250128577042 -40 28
11623576746427 -40 30
7648369792878 -40 32
4520035269180 -40 34
2323913401839 -40 36
995550450805 -40 38
334627691414 -40 40
80775603091 -40 42
12109017107 -40 44
833157334 -40 46
9167018 -40 48
1476161 -38 -48
416698233 -38 -46
8799122718 -38 -44
72673887228 -38 -42
350704986291 -38 -40
1174297170239 -38 -38
3014250940738 -38 -36
6336833418979 -38 -34
11434878371306 -38 -32
18333504026573 -38 -30
26801825908587 -38 -28
36437086482093 -38 -26
46766129458208 -38 -24
57325006466896 -38 -22
67705753534922 -38 -20
77576426174760 -38 -18
86685344300660 -38 -16
94856258458312 -38 -14
101978587288523 -38 -12
107994748399040 -38 -10
112885961841485 -38 -8
116658443766132 -38 -6
119330781618323 -38 -4
120923772919280 -38 -2
121452887672032 -38 0
120923772919280 -38 2
119330781618323 -38 4
116658443766132 -38 6
112885961841485 -38 8
107994748399040 -38 10
101978587288523 -38 12
94856258458312 -38 14
86685344300660 -38 16
77576426174760 -38 18
67705753534922 -38 20
57325006466896 -38 22
46766129458208 -38 24
36437086482093 -38 26
26801825908587 -38 28
18333504026573 -38 30
11434878371306 -38 32
6336833418979 -38 34
3014250940738 -38 36
1174297170239 -38 38
350704986291 -38 40
72673887228 -38 42
8799122718 -38 44
416698233 -38 46
1476161 -38 48
92188 -36 -48
169961989 -36 -46
5729612412 -36 -44
60176754636 -36 -42
342460895141 -36 -40
1300393359363 -36 -38
3690637724728 -36 -36
8422514923642 -36 -34
16266698633730 -36 -32
27599581656892 -36 -30
42306056680026 -36 -28
59847665605811 -36 -26
79421477144682 -36 -24
100127031536745 -36 -22
121091713730945 -36 -20
141544941107209 -36 -18
160852224014900 -36 -16
178523141208754 -36 -14
194203366931006 -36 -12
207656622648613 -36 -10
218741282489397 -36 -8
227384766345837 -36 -6
233559282776967 -36 -4
237260982299231 -36 -2
238494020543794 -36 0
237260982299231 -36 2
233559282776967 -36 4
227384766345837 -36 6
218741282489397 -36 8
207656622648613 -36 10
194203366931006 -36 12
178523141208754 -36 14
160852224014900 -36 16
141544941107209 -36 18
121091713730945 -36 20
100127031536745 -36 22
79421477144682 -36 24
59847665605811 -36 26
42306056680026 -36 28
27599581656892 -36 30
16266698633730 -36 32
8422514923642 -36 34
3690637724728 -36 36
1300393359363 -36 38
342460895141 -36 40
60176754636 -36 42
5729612412 -36 44
169961989 -36 46
92188 -36 48
53257289 -34 -46
3298760547 -34 -44
45660465716 -34 -42
310939630170 -34 -40
1350202748984 -34 -38
4261564197864 -34 -36
10604610182069 -34 -34
22000919677986 -34 -32
39626345841101 -34 -30
63861766261694 -34 -28
94228913606916 -34 -26
129564210666327 -34 -24
168300403300107 -34 -22
208736363236649 -34 -20
249235937309177 -34 -18
288347754216364 -34 -16
324862921158303 -34 -14
357829422350655 -34 -12
386537990479071 -34 -10
410490417247669 -34 -8
429358576359582 -34 -6
442941639507201 -34 -4
451127351571882 -34 -2
453861199077590 -34 0
451127351571882 -34 2
442941639507201 -34 4
429358576359582 -34 6
410490417247669 -34 8
386537990479071 -34 10
357829422350655 -34 12
324862921158303 -34 14
288347754216364 -34 16
249235937309177 -34 18
208736363236649 -34 20
168300403300107 -34 22
129564210666327 -34 24
94228913606916 -34 26
63861766261694 -34 28
39626345841101 -34 30
22000919677986 -34 32
10604610182069 -34 34
4261564197864 -34 36
1350202748984 -34 38
310939630170 -34 40
45660465716 -34 42
3298760547 -34 44
53257289 -34 46
11591498 -32 -46
1645994670 -32 -44
31568153688 -32 -42
261866915890 -32 -40
1312637454968 -32 -38
4636078945799 -32 -36
12637995640548 -32 -34
28270602894182 -32 -32
54222632951560 -32 -30
92123261946479 -32 -28
142114857568397 -32 -26
202887374573027 -32 -24
272039608479836 -32 -22
346557628287847 -32 -20
423248947310254 -32 -18
499059999255577 -32 -16
571271774000731 -32 -14
637597040861444 -32 -12
696205912001733 -32 -10
745703019054045 -32 -8
785075685284814 -32 -6
813628978847467 -32 -4
830921212726133 -32 -2
836710819880364 -32 0
830921212726133 -32 2
813628978847467 -32 4
785075685284814 -32 6
745703019054045 -32 8
696205912001733 -32 10
637597040861444 -32 12
571271774000731 -32 14
499059999255577 -32 16
423248947310254 -32 18
346557628287847 -32 20
272039608479836 -32 22
202887374573027 -32 24
142114857568397 -32 26
92123261946479 -32 28
54222632951560 -32 30
28270602894182 -32 32
12637995640548 -32 34
4636078945799 -32 36
1312637454968 -32 38
261866915890 -32 40
31568153688 -32 42
1645994670 -32 44
11591498 -32 46
1413253 -30 -46
692061427 -30 -44
19735630855 -30 -42
203958280954 -30 -40
1193009764145 -30 -38
4746802329227 -30 -36
14244384643639 -30 -34
34488518721615 -30 -32
70664499744218 -30 -30
126910897803864 -30 -28
205173045293040 -30 -26
304754351445931 -30 -24
422564691727215 -30 -22
553799655814885 -30 -20
692736181653651 -30 -18
833429942656949 -30 -16
970226527993680 -30 -14
1098082911908788 -30 -12
1212732559226479 -30 -10
1310734106117519 -30 -8
1389442005880174 -30 -6
1446933159840631 -30 -4
1481917649687729 -30 -2
1493658907553310 -30 0
1481917649687729 -30 2
1446933159840631 -30 4
1389442005880174 -30 6
1310734106117519 -30 8
1212732559226479 -30 10
1098082911908788 -30 12
970226527993680 -30 14
833429942656949 -30 16
692736181653651 -30 18
553799655814885 -30 20
422564691727215 -30 22
304754351445931 -30 24
205173045293040 -30 26
126910897803864 -30 28
70664499744218 -30 30
34488518721615 -30 32
14244384643639 -30 34
4746802329227 -30 36
1193009764145 -30 38
203958280954 -30 40
19735630855 -30 42
692061427 -30 44
1413253 -30 46
64135 -28 -46
234688170 -28 -44
11037913618 -28 -42
146366815122 -28 -40
1011873077039 -28 -38
4569302658833 -28 -36
15171889562778 -28 -34
39917226462191 -28 -32
87653513415919 -28 -30
166862650545557 -28 -28
283370168501008 -28 -26
438825521144345 -28 -24
630356819684264 -28 -22
851232560915330 -28 -20
1092070710496406 -28 -18
1342146887868368 -28 -16
1590518501729392 -28 -14
1826853585738455 -28 -12
2041965211706115 -28 -10
2228098810456329 -28 -8
2379036349045020 -28 -6
2490080264695531 -28 -4
2557975331505414 -28 -2
2580815861010916 -28 0
2557975331505414 -28 2
2490080264695531 -28 4
2379036349045020 -28 6
2228098810456329 -28 8
2041965211706115 -28 10
1826853585738455 -28 12
1590518501729392 -28 14
1342146887868368 -28 16
1092070710496406 -28 18
851232560915330 -28 20
630356819684264 -28 22
438825521144345 -28 24
283370168501008 -28 26
166862650545557 -28 28
87653513415919 -28 30
39917226462191 -28 32
15171889562778 -28 34
4569302658833 -28 36
1011873077039 -28 38
146366815122 -28 40
11037913618 -28 42
234688170 -28 44
64135 -28 46
60135807 -26 -44
5440318719 -26 -42
96315011424 -26 -40
799255322356 -26 -38
4130377899699 -26 -36
15258420201901 -26 -34
43802887825117 -26 -32
103424320298612 -26 -30
209265879871054 -26 -28
374187830259725 -26 -26
605375801891516 -26 -24
902506833448974 -26 -22
1257758836786796 -26 -20
1657221933780498 -26 -18
2082988708986372 -26 -16
2515296613846867 -26 -14
2934349980122665 -26 -12
3321679408366657 -26 -10
3661044339659798 -26 -8
3938953112021277 -26 -6
4144901036757693 -26 -4
4271429915786601 -26 -2
4314097365321398 -26 0
4271429915786601 -26 2
4144901036757693 -26 4
3938953112021277 -26 6
3661044339659798 -26 8
3321679408366657 -26 10
2934349980122665 -26 12
2515296613846867 -26 14
2082988708986372 -26 16
1657221933780498 -26 18
1257758836786796 -26 20
902506833448974 -26 22
605375801891516 -26 24
374187830259725 -26 26
209265879871054 -26 28
103424320298612 -26 30
43802887825117 -26 32
15258420201901 -26 34
4130377899699 -26 36
799255322356 -26 38
96315011424 -26 40
5440318719 -26 42
60135807 -26 44
10306614 -24 -44
2311666134 -24 -42
57750126144 -24 -40
586433054952 -24 -38
3501503642054 -24 -36
14477311671311 -24 -34
45542677402567 -24 -32
116014788040183 -24 -30
250197401506209 -24 -28
472166743947131 -24 -26
799677139605596 -24 -24
1239494737112142 -24 -22
1785476617137931 -24 -20
2419407513792126 -24 -18
3113737669575656 -24 -16
3835139570559436 -24 -14
4548023519134734 -24 -12
5217514894431094 -24 -10
5811712035264588 -24 -8
6303240085637521 -24 -6
6670217462301508 -24 -4
6896789282004360 -24 -2
6973379683413814 -24 0
6896789282004360 -24 2
6670217462301508 -24 4
6303240085637521 -24 6
5811712035264588 -24 8
5217514894431094 -24 10
4548023519134734 -24 12
3835139570559436 -24 14
3113737669575656 -24 16
2419407513792126 -24 18
1785476617137931 -24 20
1239494737112142 -24 22
799677139605596 -24 24
472166743947131 -24 26
250197401506209 -24 28
116014788040183 -24 30
45542677402567 -24 32
14477311671311 -24 34
3501503642054 -24 36
586433054952 -24 38
57750126144 -24 40
2311666134 -24 42
10306614 -24 44
938634 -22 -44
820573907 -22 -42
31278985559 -22 -40
398414300765 -22 -38
2779648549030 -22 -36
12947575257799 -22 -34
44836045242700 -22 -32
123653311639936 -22 -30
285032749733089 -22 -28
569061484383535 -22 -26
1010989952946316 -22 -24
1632111767459251 -22 -22
2433847436871441 -22 -20
3396296994772141 -22 -18
4480772346305569 -22 -16
5634854554406417 -22 -14
6798407431449046 -22 -12
7909368842742683 -22 -10
8908657576517427 -22 -8
9743957860947917 -22 -6
10372411756411890 -22 -4
10762388934128713 -22 -2
10894548858434834 -22 0
10762388934128713 -22 2
10372411756411890 -22 4
9743957860947917 -22 6
8908657576517427 -22 8
7909368842742683 -22 10
6798407431449046 -22 12
5634854554406417 -22 14
4480772346305569 -22 16
3396296994772141 -22 18
2433847436871441 -22 20
1632111767459251 -22 22
1010989952946316 -22 24
569061484383535 -22 26
285032749733089 -22 28
123653311639936 -22 30
44836045242700 -22 32
12947575257799 -22 34
2779648549030 -22 36
398414300765 -22 38
31278985559 -22 40
820573907 -22 42
938634 -22 44
30472 -20 -44
231685384 -20 -42
15122286633 -20 -40
249612743604 -20 -38
2062615379162 -20 -36
10904193049623 -20 -34
41768452085864 -20 -32
125163114588861 -20 -30
309267251163074 -20 -28
654769541894365 -20 -26
1222724597618454 -20 -24
2059532893354080 -20 -22
3184279499955863 -20 -20
4582058080476796 -20 -18
6204186311379204 -20 -16
7974009875577035 -20 -14
9795987992759242 -20 -12
11565826067541125 -20 -10
13180040691870837 -20 -8
14544057274807154 -20 -6
15578514985742647 -20 -4
16223805895969477 -20 -2
16443059094839976 -20 0
16223805895969477 -20 2
15578514985742647 -20 4
14544057274807154 -20 6
13180040691870837 -20 8
11565826067541125 -20 10
9795987992759242 -20 12
7974009875577035 -20 14
6204186311379204 -20 16
4582058080476796 -20 18
3184279499955863 -20 20
2059532893354080 -20 22
1222724597618454 -20 24
654769541894365 -20 26
309267251163074 -20 28
125163114588861 -20 30
41768452085864 -20 32
10904193049623 -20 34
2062615379162 -20 36
249612743604 -20 38
15122286633 -20 40
231685384 -20 42
30472 -20 44
48229347 -18 -42
6415283401 -18 -40
143442850191 -18 -38
1427539996467 -18 -36
8638326089987 -18 -34
36795318312929 -18 -32
120257009472314 -18 -30
319459187151321 -18 -28
718967260679093 -18 -26
1414123729331623 -18 -24
2489573356248215 -18 -22
3996919539399306 -18 -20
5938610699094042 -18 -18
8261956660042086 -18 -16
10863354668554096 -18 -14
13600158240917647 -18 -12
16306679213614581 -18 -10
18811150787935972 -18 -8
20951414027542179 -18 -6
22588068651164353 -18 -4
23614580878491825 -18 -2
23964305829639206 -18 0
23614580878491825 -18 2
22588068651164353 -18 4
20951414027542179 -18 6
18811150787935972 -18 8
16306679213614581 -18 10
13600158240917647 -18 12
10863354668554096 -18 14
8261956660042086 -18 16
5938610699094042 -18 18
3996919539399306 -18 20
2489573356248215 -18 22
1414123729331623 -18 24
718967260679093 -18 26
319459187151321 -18 28
120257009472314 -18 30
36795318312929 -18 32
8638326089987 -18 34
1427539996467 -18 36
143442850191 -18 38
6415283401 -18 40
48229347 -18 42
6394757 -16 -42
2330840149 -16 -40
75076288127 -16 -38
918988513326 -16 -36
6429020945177 -16 -34
30630510588844 -16 -32
109622338839261 -16 -30
314028870156691 -16 -28
753123096775155 -16 -26
1563403580837150 -16 -24
2881800205035917 -16 -22
4811448668343123 -16 -20
7391141497912991 -16 -18
10577265175959699 -16 -16
14241793671677157 -16 -14
18184877301621214 -16 -12
22157546806136984 -16 -10
25889276608726435 -16 -8
29115886770852482 -16 -6
31604596944471978 -16 -4
33174374826681498 -16 -2
33710687707894134 -16 0
33174374826681498 -16 2
31604596944471978 -16 4
29115886770852482 -16 6
25889276608726435 -16 8
22157546806136984 -16 10
18184877301621214 -16 12
14241793671677157 -16 14
10577265175959699 -16 16
7391141497912991 -16 18
4811448668343123 -16 20
2881800205035917 -16 22
1563403580837150 -16 24
753123096775155 -16 26
314028870156691 -16 28
109622338839261 -16 30
30630510588844 -16 32
6429020945177 -16 34
918988513326 -16 36
75076288127 -16 38
2330840149 -16 40
6394757 -16 42
425432 -14 -42
699134218 -14 -40
35438118764 -14 -38
548358017276 -14 -36
4488238993901 -14 -34
24076615276553 -14 -32
94761957399552 -14 -30
293656905680953 -14 -28
752353892695908 -14 -26
1651764488483774 -14 -24
3193392980962893 -14 -22
5552957070873554 -14 -20
8830711928538725 -14 -18
13013806052997247 -14 -16
17960581710310316 -14 -14
23409025746044258 -14 -12
29005255654192679 -14 -10
34344649358182898 -14 -8
39017774187744058 -14 -6
42654553115781377 -14 -4
44962001974357816 -14 -2
45752638659133276 -14 0
44962001974357816 -14 2
42654553115781377 -14 4
39017774187744058 -14 6
34344649358182898 -14 8
29005255654192679 -14 10
23409025746044258 -14 12
17960581710310316 -14 14
13013806052997247 -14 16
8830711928538725 -14 18
5552957070873554 -14 20
3193392980962893 -14 22
1651764488483774 -14 24
752353892695908 -14 26
293656905680953 -14 28
94761957399552 -14 30
24076615276553 -14 32
4488238993901 -14 34
548358017276 -14 36
35438118764 -14 38
699134218 -14 40
425432 -14 42
9577 -12 -42
163739774 -12 -40
14885265774 -12 -38
301911992178 -12 -36
2933624341779 -12 -34
17853690146260 -12 -32
77642445149554 -12 -30
261144559110818 -12 -28
716569382005042 -12 -26
1667274481672594 -12 -24
3386715992935006 -12 -22
6142635655627180 -12 -20
10125467075377931 -12 -18
15383184754514960 -12 -16
21781843345888909 -12 -14
29001475946834657 -12 -12
36566434193067711 -12 -10
43901650883255116 -12 -8
50402938151250794 -12 -6
55509557849298847 -12 -4
58769386077101923 -12 -2
59889731317684144 -12 0
58769386077101923 -12 2
55509557849298847 -12 4
50402938151250794 -12 6
43901650883255116 -12 8
36566434193067711 -12 10
29001475946834657 -12 12
21781843345888909 -12 14
15383184754514960 -12 16
10125467075377931 -12 18
6142635655627180 -12 20
3386715992935006 -12 22
1667274481672594 -12 24
716569382005042 -12 26
261144559110818 -12 28
77642445149554 -12 30
17853690146260 -12 32
2933624341779 -12 34
301911992178 -12 36
14885265774 -12 38
163739774 -12 40
9577 -12 42
27258641 -10 -40
5455729244 -10 -38
152461743321 -10 -36
1791068657209 -10 -34
12476460507305 -10 -32
60264549116227 -10 -30
220776157227830 -10 -28
650535444885729 -10 -26
1607522205413940 -10 -24
3436792733337111 -10 -22
6511389945488923 -10 -20
11139611047874391 -10 -18
17465965808338386 -10 -16
25396488243161591 -10 -14
34570069396693907 -10 -12
44382643847616486 -10 -10
54057282395578885 -10 -8
62744478962225096 -10 -6
69633833379890015 -10 -4
74059502831705656 -10 -2
75585292647369806 -10 0
74059502831705656 -10 2
69633833379890015 -10 4
62744478962225096 -10 6
54057282395578885 -10 8
44382643847616486 -10 10
34570069396693907 -10 12
25396488243161591 -10 14
17465965808338386 -10 16
11139611047874391 -10 18
6511389945488923 -10 20
3436792733337111 -10 22
1607522205413940 -10 24
650535444885729 -10 26
220776157227830 -10 28
60264549116227 -10 30
12476460507305 -10 32
1791068657209 -10 34
152461743321 -10 36
5455729244 -10 38
27258641 -10 40
2719756 -8 -40
1696861987 -8 -38
70050214494 -8 -36
1018332659510 -8 -34
8205833202472 -8 -32
44285114597301 -8 -30
177383500584447 -8 -28
562820993242188 -8 -26
1480218206404190 -8 -24
3336627567125545 -8 -22
6613177112832578 -8 -20
11756660594795670 -8 -18
19044076904409792 -8 -16
28462100250589527 -8 -14
39639338968496841 -8 -12
51851923247274326 -8 -10
64101842924737858 -8 -8
75250398004169834 -8 -6
84179716052490946 -8 -4
89953341014729250 -8 -2
91950294612058916 -8 0
89953341014729250 -8 2
84179716052490946 -8 4
75250398004169834 -8 6
64101842924737858 -8 8
51851923247274326 -8 10
39639338968496841 -8 12
28462100250589527 -8 14
19044076904409792 -8 16
11756660594795670 -8 18
6613177112832578 -8 20
3336627567125545 -8 22
1480218206404190 -8 24
562820993242188 -8 26
177383500584447 -8 28
44285114597301 -8 30
8205833202472 -8 32
1018332659510 -8 34
70050214494 -8 36
1696861987 -8 38
2719756 -8 40
127398 -6 -40
428668262 -6 -38
28960945962 -6 -36
537112156123 -6 -34
5071386597269 -6 -32
30787566126573 -6 -30
135399196754043 -6 -28
463955315454804 -6 -26
1301545285400301 -6 -24
3098810385065674 -6 -22
6434515125578274 -6 -20
11901552502458979 -6 -18
19938308826238517 -6 -16
30655436992973018 -6 -14
43714424803120083 -6 -12
58298541159945702 -6 -10
73188760104293023 -6 -8
86929272268668174 -6 -6
98047487389729178 -6 -4
105284890976753099 -6 -2
107796486466708036 -6 0
105284890976753099 -6 2
98047487389729178 -6 4
86929272268668174 -6 6
73188760104293023 -6 8
58298541159945702 -6 10
43714424803120083 -6 12
30655436992973018 -6 14
19938308826238517 -6 16
11901552502458979 -6 18
6434515125578274 -6 20
3098810385065674 -6 22
1301545285400301 -6 24
463955315454804 -6 26
135399196754043 -6 28
30787566126573 -6 30
5071386597269 -6 32
537112156123 -6 34
28960945962 -6 36
428668262 -6 38
127398 -6 40
1873 -4 -40
82309542 -4 -38
10606393301 -4 -36
261464298481 -4 -34
2939159770286 -4 -32
20231866842790 -4 -30
98150819297750 -4 -28
364345203685858 -4 -26
1092745469642537 -4 -24
2752887861919524 -4 -22
5997425972742104 -4 -20
11555770905103594 -4 -18
20042021047852900 -4 -16
31728695053173128 -4 -14
46360209800529519 -4 -12
63071827827255440 -4 -10
80447809751843834 -4 -8
96712203483789736 -4 -6
110011523888766172 -4 -4
118728764499152007 -4 -2
121764302398399688 -4 0
118728764499152007 -4 2
110011523888766172 -4 4
96712203483789736 -4 6
80447809751843834 -4 8
63071827827255440 -4 10
46360209800529519 -4 12
31728695053173128 -4 14
20042021047852900 -4 16
11555770905103594 -4 18
5997425972742104 -4 20
2752887861919524 -4 22
1092745469642537 -4 24
364345203685858 -4 26
98150819297750 -4 28
20231866842790 -4 30
2939159770286 -4 32
261464298481 -4 34
10606393301 -4 36
82309542 -4 38
1873 -4 40
10653325 -2 -38
3363665655 -2 -36
116685343196 -2 -34
1593301070797 -2 -32
12553607271844 -2 -30
67538181675977 -2 -28
272523265855434 -2 -26
875947853573610 -2 -24
2339270403152150 -2 -22
5354924627530754 -2 -20
10761257912195548 -2 -18
19342250031445916 -2 -16
31555994511405013 -2 -14
47278361234340285 -2 -12
65654727066337084 -2 -10
85122147574311638 -2 -8
103612625741195561 -2 -6
118896084613511245 -2 -4
128985229848720761 -2 -2
132510896892112426 -2 0
128985229848720761 -2 2
118896084613511245 -2 4
103612625741195561 -2 6
85122147574311638 -2 8
65654727066337084 -2 10
47278361234340285 -2 12
31555994511405013 -2 14
19342250031445916 -2 16
10761257912195548 -2 18
5354924627530754 -2 20
2339270403152150 -2 22
875947853573610 -2 24
272523265855434 -2 26
67538181675977 -2 28
12553607271844 -2 30
1593301070797 -2 32
116685343196 -2 34
3363665655 -2 36
10653325 -2 38
766192 0 -38
892790188 0 -36
47295210045 0 -34
805189488165 0 -32
7344858260457 0 -30
44090054151749 0 -28
194115629418274 0 -26
670375945962836 0 -24
1901426774289978 0 -22
4580344371214242 0 -20
9611961210965105 0 -18
17922391119006799 0 -16
30157920157266918 0 -14
46363284142951713 0 -12
65756949347711871 0 -10
86699437490911786 0 -8
106891391581511003 0 -6
123766713283166308 0 -4
134988093947898465 0 -2
138923618107357012 0 0
134988093947898465 0 2
123766713283166308 0 4
106891391581511003 0 6
86699437490911786 0 8
65756949347711871 0 10
46363284142951713 0 12
30157920157266918 0 14
17922391119006799 0 16
9611961210965105 0 18
4580344371214242 0 20
1901426774289978 0 22
670375945962836 0 24
194115629418274 0 26
44090054151749 0 28
7344858260457 0 30
805189488165 0 32
47295210045 0 34
892790188 0 36
766192 0 38
23690 2 -38
188097705 2 -36
17188956544 2 -34
377690077243 2 -32
4045066793278 2 -30
27287329304302 2 -28
131636626847119 2 -26
489804431827335 2 -24
1478455008099548 2 -22
3753489809430536 2 -20
8235382598451133 2 -18
15945672182792611 2 -16
27697432869329293 2 -14
43722320938735450 2 -12
63369292658037069 2 -10
85005401743158053 2 -8
106188695547203562 2 -6
124093992789506971 2 -4
136089341488388680 2 -2
140311904248503768 2 0
136089341488388680 2 2
124093992789506971 2 4
106188695547203562 2 6
85005401743158053 2 8
63369292658037069 2 10
43722320938735450 2 12
27697432869329293 2 14
15945672182792611 2 16
8235382598451133 2 18
3753489809430536 2 20
1478455008099548 2 22
489804431827335 2 24
131636626847119 2 26
27287329304302 2 28
4045066793278 2 30
377690077243 2 32
17188956544 2 34
188097705 2 36
23690 2 38
202 4 -38
28888837 4 -36
5496249197 4 -34
163484836257 4 -32
2092359748892 4 -30
15996472724698 4 -28
84960148273781 4 -26
341641146639392 4 -24
1099759572427043 4 -22
2947254825827573 4 -20
6769196073605940 4 -18
13624006005370368 4 -16
24448299255751915 4 -14
39654821610725174 4 -12
58764943738122656 4 -10
80235914013250410 4 -8
101589905968220314 4 -6
119849520848610514 4 -4
132175825635130160 4 -2
136531338558333794 4 0
132175825635130160 4 2
119849520848610514 4 4
101589905968220314 4 6
80235914013250410 4 8
58764943738122656 4 10
39654821610725174 4 12
24448299255751915 4 14
13624006005370368 4 16
6769196073605940 4 18
2947254825827573 4 20
1099759572427043 4 22
341641146639392 4 24
84960148273781 4 26
15996472724698 4 28
2092359748892 4 30
163484836257 4 32
5496249197 4 34
28888837 4 36
202 4 38
2775128 6 -36
1504298185 6 -34
64791689136 6 -32
1013570536500 6 -30
8872113265394 6 -28
52166861592027 6 -26
227471808003195 6 -24
782680811356835 6 -22
2217748455865752 6 -20
5338873627610858 6 -18
11180485903507600 6 -16
20744555598234521 6 -14
34595750556712382 6 -12
52447492822433519 6 -10
72919341547757437 6 -8
93608428554056343 6 -6
111509730037588200 6 -4
123688571358151620 6 -2
128008638189947684 6 0
123688571358151620 6 2
111509730037588200 6 4
93608428554056343 6 6
72919341547757437 6 8
52447492822433519 6 10
34595750556712382 6 12
20744555598234521 6 14
11180485903507600 6 16
5338873627610858 6 18
2217748455865752 6 20
782680811356835 6 22
227471808003195 6 24
52166861592027 6 26
8872113265394 6 28
1013570536500 6 30
64791689136 6 32
1504298185 6 34
2775128 6 36
134049 8 -36
337390905 8 -34
23251966719 8 -32
458080069760 8 -30
4648682157246 8 -28
30456147716712 8 -26
144557406223387 8 -24
532971576764854 8 -22
1599542798334913 8 -20
4041247717763064 8 -18
8814732918524638 8 -16
16924011276943384 8 -14
29038665965933382 8 -12
45059494642733026 8 -10
63819262726914121 8 -8
83090401119873040 8 -6
99966955875007670 8 -4
111540135916790393 8 -2
115661574473853414 8 0
111540135916790393 8 2
99966955875007670 8 4
83090401119873040 8 6
63819262726914121 8 8
45059494642733026 8 10
29038665965933382 8 12
16924011276943384 8 14
8814732918524638 8 16
4041247717763064 8 18
1599542798334913 8 20
532971576764854 8 22
144557406223387 8 24
30456147716712 8 26
4648682157246 8 28
458080069760 8 30
23251966719 8 32
337390905 8 34
134049 8 36
2422 10 -36
58029802 10 -34
7437704694 10 -32
192168134964 10 -30
2296610849823 10 -28
16894190576729 10 -26
87664579630607 10 -24
347283208781453 10 -22
1105989757567931 10 -20
2936582902437268 10 -18
6678318281553699 10 -16
13278961583863578 10 -14
23457029472005656 10 -12
37274706257995026 10 -10
53802533517006589 10 -8
71065891929814676 10 -6
86370894082478216 10 -4
96951601884675244 10 -2
100734761646052838 10 0
96951601884675244 10 2
86370894082478216 10 4
71065891929814676 10 6
53802533517006589 10 8
37274706257995026 10 10
23457029472005656 10 12
13278961583863578 10 14
6678318281553699 10 16
2936582902437268 10 18
1105989757567931 10 20
347283208781453 10 22
87664579630607 10 24
16894190576729 10 26
2296610849823 10 28
192168134964 10 30
7437704694 10 32
58029802 10 34
2422 10 36
9 12 -36
6813185 12 -34
2070953348 12 -32
74322690433 12 -30
1067111608774 12 -28
8895265779238 12 -26
50716468080962 12 -24
216539057771880 12 -22
733265353349278 12 -20
2049024922239021 12 -18
4863697679904610 12 -16
10023587008852618 12 -14
18240962594457107 12 -12
29698971810103129 12 -10
43704368852610848 12 -8
58583033510273925 12 -6
71939713902598256 12 -4
81249819267870571 12 -2
84592303042942528 12 0
81249819267870571 12 2
71939713902598256 12 4
58583033510273925 12 6
43704368852610848 12 8
29698971810103129 12 10
18240962594457107 12 12
10023587008852618 12 14
4863697679904610 12 16
2049024922239021 12 18
733265353349278 12 20
216539057771880 12 22
50716468080962 12 24
8895265779238 12 26
1067111608774 12 28
74322690433 12 30
2070953348 12 32
6813185 12 34
9 12 36
450116 14 -34
484337511 14 -32
26245894090 14 -30
464757098048 14 -28
4440002928928 14 -26
27978960442293 14 -24
129196929386456 14 -22
466234683349960 14 -20
1373262393493205 14 -18
3406057204124764 14 -16
7281710417732693 14 -14
13660156649817283 14 -12
22799288231145887 14 -10
34219120997461165 14 -8
46561887442303265 14 -6
57783750740929501 14 -4
65671546300405404 14 -2
68515186524956442 14 0
65671546300405404 14 2
57783750740929501 14 4
46561887442303265 14 6
34219120997461165 14 8
22799288231145887 14 10
13660156649817283 14 12
7281710417732693 14 14
3406057204124764 14 16
1373262393493205 14 18
466234683349960 14 20
129196929386456 14 22
27978960442293 14 24
4440002928928 14 26
464757098048 14 28
26245894090 14 30
484337511 14 32
450116 14 34
12861 16 -34
89908203 16 -32
8347794396 16 -30
188884296234 16 -28
2097332475740 16 -26
14709768858306 16 -24
73754457322701 16 -22
284347227910904 16 -20
884271286634441 16 -18
2294437760879881 16 -16
5092854864757167 16 -14
9855263592640653 16 -12
16870417868667853 16 -10
25834807380916032 16 -8
35694868164662798 16 -6
44775964052282713 16 -4
51213520995211549 16 -2
53544148152625500 16 0
51213520995211549 16 2
44775964052282713 16 4
35694868164662798 16 6
25834807380916032 16 8
16870417868667853 16 10
9855263592640653 16 12
5092854864757167 16 14
2294437760879881 16 16
884271286634441 16 18
284347227910904 16 20
73754457322701 16 22
14709768858306 16 24
2097332475740 16 26
188884296234 16 28
8347794396 16 30
89908203 16 32
12861 16 34
102 18 -34
12109382 18 -32
2342259649 18 -30
71192164167 18 -28
935478641041 18 -26
7364033593574 18 -24
40277191923438 18 -22
166357916131342 18 -20
547221918053557 18 -18
1487296106019725 18 -16
3430706724704820 18 -14
6852842968429434 18 -12
12037696037761856 18 -10
18815788563576364 18 -8
26404916209023673 18 -6
33486699467859869 18 -4
38550463028497734 18 -2
40391597448941702 18 0
38550463028497734 18 2
33486699467859869 18 4
26404916209023673 18 6
18815788563576364 18 8
12037696037761856 18 10
6852842968429434 18 12
3430706724704820 18 14
1487296106019725 18 16
547221918053557 18 18
166357916131342 18 20
40277191923438 18 22
7364033593574 18 24
935478641041 18 26
71192164167 18 28
2342259649 18 30
12109382 18 32
102 18 34
1004802 20 -32
562247704 20 -30
24674596977 20 -28
392785321461 20 -26
3506388963337 20 -24
21033880757219 20 -22
93371249185731 20 -20
325536567450287 20 -18
928056058160520 20 -16
2226814499584363 20 -14
4594727253821274 20 -12
8286594021166911 20 -10
13225878774164315 20 -8
18856966751752551 20 -6
24181965261848252 20 -4
28023037713407008 20 -2
29425694811892464 20 0
28023037713407008 20 2
24181965261848252 20 4
18856966751752551 20 6
13225878774164315 20 8
8286594021166911 20 10
4594727253821274 20 12
2226814499584363 20 14
928056058160520 20 16
325536567450287 20 18
93371249185731 20 20
21033880757219 20 22
3506388963337 20 24
392785321461 20 26
24674596977 20 28
562247704 20 30
1004802 20 32
39947 22 -32
109948131 22 -30
7766738484 22 -28
154617794846 22 -26
1585553713522 22 -24
10499038877682 22 -22
50274213983860 22 -20
186204466136522 22 -18
557649725777398 22 -16
1393316226538852 22 -14
2971935249139406 22 -12
5506009692247263 22 -10
8976948492209526 22 -8
13007253899648217 22 -6
16870258335228474 22 -4
19681602509421551 22 -2
20712762632675002 22 0
19681602509421551 22 2
16870258335228474 22 4
13007253899648217 22 6
8976948492209526 22 8
5506009692247263 22 10
2971935249139406 22 12
1393316226538852 22 14
557649725777398 22 16
186204466136522 22 18
50274213983860 22 20
10499038877682 22 22
1585553713522 22 24
154617794846 22 26
7766738484 22 28
109948131 22 30
39947 22 32
506 24 -32
16239333 24 -30
2180199325 24 -28
56738712113 24 -26
679456300459 24 -24
5005286239386 24 -22
25964855896922 24 -20
102426265990325 24 -18
322779600448510 24 -16
840749944350628 24 -14
1855318225808253 24 -12
3533029249285879 24 -10
5886573361285747 24 -8
8670752804836984 24 -6
11376136954079170 24 -4
13362813366261742 24 -2
14094757987383232 24 0
13362813366261742 24 2
11376136954079170 24 4
8670752804836984 24 6
5886573361285747 24 8
3533029249285879 24 10
1855318225808253 24 12
840749944350628 24 14
322779600448510 24 16
102426265990325 24 18
25964855896922 24 20
5005286239386 24 22
679456300459 24 24
56738712113 24 26
2180199325 24 28
16239333 24 30
506 24 32
1585940 26 -30
530721991 26 -28
19258472838 26 -26
275164425123 26 -24
2276701587240 26 -22
12859174519588 26 -20
54188560634641 26 -18
180028592772047 26 -16
489461075783758 26 -14
1118425564468949 26 -12
2190447240551856 26 -10
3731307250690967 26 -8
5588887021979700 26 -6
7419134304292410 26 -4
8775483223056214 26 -2
9277464651435130 26 0
8775483223056214 26 2
7419134304292410 26 4
5588887021979700 26 6
3731307250690967 26 8
2190447240551856 26 10
1118425564468949 26 12
489461075783758 26 14
180028592772047 26 16
54188560634641 26 18
12859174519588 26 20
2276701587240 26 22
275164425123 26 24
19258472838 26 26
530721991 26 28
1585940 26 30
80880 28 -30
107377708 28 -28
5977356212 28 -26
104900429849 28 -24
986639672333 28 -22
6104325518689 28 -20
27573355941688 28 -18
96779091072484 28 -16
275027581064480 28 -14
651347785983400 28 -12
1312869913860513 28 -10
2287514032112099 28 -8
3485278271364920 28 -6
4682167896959945 28 -4
5577399667360082 28 -2
5910246406079030 28 0
5577399667360082 28 2
4682167896959945 28 4
3485278271364920 28 6
2287514032112099 28 8
1312869913860513 28 10
651347785983400 28 12
275027581064480 28 14
96779091072484 28 16
27573355941688 28 18
6104325518689 28 20
986639672333 28 22
104900429849 28 24
5977356212 28 26
107377708 28 28
80880 28 30
1444 30 -30
16863456 30 -28
1668399402 30 -26
37447936487 30 -24
406557950135 30 -22
2775578050382 30 -20
13493134175596 30 -18
50155269599647 30 -16
149211931472779 30 -14
366638934079619 30 -12
761097550978599 30 -10
1357100715844984 30 -8
2103988872579872 30 -6
2861088689877194 30 -4
3432714577100251 30 -2
3646235597013352 30 0
3432714577100251 30 2
2861088689877194 30 4
2103988872579872 30 6
1357100715844984 30 8
761097550978599 30 10
366638934079619 30 12
149211931472779 30 14
50155269599647 30 16
13493134175596 30 18
2775578050382 30 20
406557950135 30 22
37447936487 30 24
1668399402 30 26
16863456 30 28
1444 30 30
1839976 32 -28
408140431 32 -26
12424308671 32 -24
158865523876 32 -22
1207646810473 32 -20
6348551038709 32 -18
25061091117774 32 -16
78188109412978 32 -14
199561402783682 32 -12
426984295008594 32 -10
779554897853140 32 -8
1230252617727605 32 -6
1693805244418984 32 -4
2047149996311967 32 -2
2179760396767818 32 0
2047149996311967 32 2
1693805244418984 32 4
1230252617727605 32 6
779554897853140 32 8
426984295008594 32 10
199561402783682 32 12
78188109412978 32 14
25061091117774 32 16
6348551038709 32 18
1207646810473 32 20
158865523876 32 22
12424308671 32 24
408140431 32 26
1839976 32 28
112839 34 -28
84186384 34 -26
3790507964 34 -24
58646923395 34 -22
502081197124 34 -20
2870680501082 34 -18
12073958798487 34 -16
39583236456736 34 -14
105076911224080 34 -12
231926814251689 34 -10
433814586981750 34 -8
697172880195507 34 -6
972079185564609 34 -4
1183666623765404 34 -2
1263456761810136 34 0
1183666623765404 34 2
972079185564609 34 4
697172880195507 34 6
433814586981750 34 8
231926814251689 34 10
105076911224080 34 12
39583236456736 34 14
12073958798487 34 16
2870680501082 34 18
502081197124 34 20
58646923395 34 22
3790507964 34 24
84186384 34 26
112839 34 28
2625 36 -28
13754550 36 -26
1046566821 36 -24
20349072820 36 -22
199080644193 36 -20
1246666981179 36 -18
5608152043981 36 -16
19364289470175 36 -14
53541898978977 36 -12
122029439490146 36 -10
234000210947343 36 -8
383113908631976 36 -6
541129087781671 36 -4
663953320007876 36 -2
710496928064816 36 0
663953320007876 36 2
541129087781671 36 4
383113908631976 36 6
234000210947343 36 8
122029439490146 36 10
53541898978977 36 12
19364289470175 36 14
5608152043981 36 16
1246666981179 36 18
199080644193 36 20
20349072820 36 22
1046566821 36 24
13754550 36 26
2625 36 28
1610253 38 -26
255366021 38 -24
6588057907 38 -22
75078641841 38 -20
519441851551 38 -18
2510787505551 38 -16
9155263833090 38 -14
26410569105246 38 -12
62221822493211 38 -10
122406479465461 38 -8
204267036927180 38 -6
292357302685676 38 -4
361519313094573 38 -2
387857979828284 38 0
361519313094573 38 2
292357302685676 38 4
204267036927180 38 6
122406479465461 38 8
62221822493211 38 10
26410569105246 38 12
9155263833090 38 14
2510787505551 38 16
519441851551 38 18
75078641841 38 20
6588057907 38 22
255366021 38 24
1610253 38 26
112088 40 -26
53068366 40 -24
1969821910 40 -22
26831629025 40 -20
207360322472 40 -18
1082961869060 40 -16
4183311353617 40 -14
12614658839243 40 -12
30758497228216 40 -10
62127273520326 40 -8
105726593296483 40 -6
153386031241371 40 -4
191189692897553 40 -2
205659306292166 40 0
191189692897553 40 2
153386031241371 40 4
105726593296483 40 6
62127273520326 40 8
30758497228216 40 10
12614658839243 40 12
4183311353617 40 14
1082961869060 40 16
207360322472 40 18
26831629025 40 20
1969821910 40 22
53068366 40 24
112088 40 26
3187 42 -26
8863915 42 -24
535639658 42 -22
9040171522 42 -20
79152724104 42 -18
449711676065 42 -16
1847159585993 42 -14
5835338513295 42 -12
14746274158392 42 -10
30608812955731 42 -8
53150983847219 42 -6
78191072537110 42 -4
98261371730031 42 -2
105983046734294 42 0
98261371730031 42 2
78191072537110 42 4
53150983847219 42 6
30608812955731 42 8
14746274158392 42 10
5835338513295 42 12
1847159585993 42 14
449711676065 42 16
79152724104 42 18
9040171522 42 20
535639658 42 22
8863915 42 24
3187 42 26
1080153 44 -24
129492599 44 -22
2851125351 44 -20
28810836665 44 -18
179598020874 44 -16
787943953695 44 -14
2614545104390 44 -12
6858556824622 44 -10
14644749380431 44 -8
25965117385079 44 -6
38748623754125 44 -4
49105183041652 44 -2
53110692608744 44 0
49105183041652 44 2
38748623754125 44 4
25965117385079 44 6
14644749380431 44 8
6858556824622 44 10
2614545104390 44 12
787943953695 44 14
179598020874 44 16
28810836665 44 18
2851125351 44 20
129492599 44 22
1080153 44 24
80971 46 -24
26859140 46 -22
833174204 46 -20
9962998978 46 -18
68879574784 46 -16
324545434933 46 -14
1134613064408 46 -12
3095350897285 46 -10
6806924728727 46 -8
12331749289875 46 -6
18676984003113 46 -4
23874125676806 46 -2
25895008190690 46 0
23874125676806 46 2
18676984003113 46 4
12331749289875 46 6
6806924728727 46 8
3095350897285 46 10
1134613064408 46 12
324545434933 46 14
68879574784 46 16
9962998978 46 18
833174204 46 20
26859140 46 22
80971 46 24
2643 48 -24
4518019 48 -22
222244027 48 -20
3255936390 48 -18
25315884680 48 -16
128977109168 48 -14
476829614844 48 -12
1355776798561 48 -10
3074647668612 48 -8
5696305191981 48 -6
8760198294287 48 -4
11298135316438 48 -2
12290504116530 48 0
11298135316438 48 2
8760198294287 48 4
5696305191981 48 6
3074647668612 48 8
1355776798561 48 10
476829614844 48 12
128977109168 48 14
25315884680 48 16
3255936390 48 18
222244027 48 20
4518019 48 22
2643 48 24
559529 50 -22
52925989 50 -20
998635491 50 -18
8892240187 50 -16
49397914444 50 -14
193987062537 50 -12
576339549929 50 -10
1349995065277 50 -8
2560186598358 50 -6
4000177734969 50 -4
5206849788769 50 -2
5681355688072 50 0
5206849788769 50 2
4000177734969 50 4
2560186598358 50 6
1349995065277 50 8
576339549929 50 10
193987062537 50 12
49397914444 50 14
8892240187 50 16
998635491 50 18
52925989 50 20
559529 50 22
43133 52 -22
10871639 52 -20
284478315 52 -18
2973251725 52 -16
18205674286 52 -14
76358791861 52 -12
237773532800 52 -10
576286703256 52 -8
1119941005859 52 -6
1779006779038 52 -4
2337947123951 52 -2
2559029685898 52 0
2337947123951 52 2
1779006779038 52 4
1119941005859 52 6
576286703256 52 8
237773532800 52 10
76358791861 52 12
18205674286 52 14
2973251725 52 16
284478315 52 18
10871639 52 20
43133 52 22
1511 54 -22
1818960 54 -20
74179893 54 -18
941509309 54 -16
6442379454 54 -14
29054459016 54 -12
95177412197 54 -10
239204891082 54 -8
476985163750 54 -6
770876623418 54 -4
1023222659745 54 -2
1123638951330 54 0
1023222659745 54 2
770876623418 54 4
476985163750 54 6
239204891082 54 8
95177412197 54 10
29054459016 54 12
6442379454 54 14
941509309 54 16
74179893 54 18
1818960 54 20
1511 54 22
224056 56 -20
17317579 56 -18
280305332 56 -16
2182763903 56 -14
10674794906 56 -12
36950597879 56 -10
96540802654 56 -8
197820520509 56 -6
325564381599 56 -4
436675767451 56 -2
481169357730 56 0
436675767451 56 2
325564381599 56 4
197820520509 56 6
96540802654 56 8
36950597879 56 10
10674794906 56 12
2182763903 56 14
280305332 56 16
17317579 56 18
224056 56 20
17073 58 -20
3500057 58 -18
77687875 58 -16
705209929 58 -14
3780440497 58 -12
13904236825 58 -10
37882332870 58 -8
79907494184 58 -6
134053152414 58 -4
181784175717 58 -2
201023102084 58 0
181784175717 58 2
134053152414 58 4
79907494184 58 6
37882332870 58 8
13904236825 58 10
3780440497 58 12
705209929 58 14
77687875 58 16
3500057 58 18
17073 58 20
595 60 -20
576773 60 -18
19740735 60 -16
216092668 60 -14
1287720288 60 -12
5066450417 60 -10
14447328616 60 -8
31437557665 60 -6
53826252874 60 -4
73842576735 60 -2
81966230120 60 0
73842576735 60 2
53826252874 60 4
31437557665 60 6
14447328616 60 8
5066450417 60 10
1287720288 60 12
216092668 60 14
19740735 60 16
576773 60 18
595 60 20
69153 62 -18
4502252 62 -16
62374693 62 -14
420612709 62 -12
1785426109 62 -10
5352914848 62 -8
12046608225 62 -6
21079709111 62 -4
29276992308 62 -2
32627653990 62 0
29276992308 62 2
21079709111 62 4
12046608225 62 6
5352914848 62 8
1785426109 62 10
420612709 62 12
62374693 62 14
4502252 62 16
69153 62 18
5024 64 -18
890952 64 -16
16782791 64 -14
131184874 64 -12
607437910 64 -10
1925317593 64 -8
4494871669 64 -6
8052356020 64 -4
11332543108 64 -2
12683514862 64 0
11332543108 64 2
8052356020 64 4
4494871669 64 6
1925317593 64 8
607437910 64 10
131184874 64 12
16782791 64 14
890952 64 16
5024 64 18
158 66 -18
143358 66 -16
4150298 66 -14
38867311 66 -12
199067059 66 -10
671603974 66 -8
1632610004 66 -6
3000226415 66 -4
4282631397 66 -2
4814956738 66 0
4282631397 66 2
3000226415 66 4
1632610004 66 6
671603974 66 8
199067059 66 10
38867311 66 12
4150298 66 14
143358 66 16
158 66 18
16350 68 -16
921507 68 -14
10856206 68 -12
62619805 68 -10
226851331 68 -8
576808157 68 -6
1090168288 68 -4
1580474493 68 -2
1785767106 68 0
1580474493 68 2
1090168288 68 4
576808157 68 6
226851331 68 8
62619805 68 10
10856206 68 12
921507 68 14
16350 68 16
1082 70 -16
178353 70 -14
2835638 70 -12
18837077 70 -10
74077609 70 -8
198062210 70 -6
386119004 70 -4
569245512 70 -2
646691244 70 0
569245512 70 2
386119004 70 4
198062210 70 6
74077609 70 8
18837077 70 10
2835638 70 12
178353 70 14
1082 70 16
26 72 -16
27630 72 -14
679820 72 -12
5385715 72 -10
23315990 72 -8
66025079 72 -6
133255000 72 -4
200186477 72 -2
228810288 72 0
200186477 72 2
133255000 72 4
66025079 72 6
23315990 72 8
5385715 72 10
679820 72 12
27630 72 14
26 72 16
2922 74 -14
147310 74 -12
1455708 74 -10
7051509 74 -8
21331613 74 -6
44734240 74 -4
68606083 74 -2
78908518 74 0
68606083 74 2
44734240 74 4
21331613 74 6
7051509 74 8
1455708 74 10
147310 74 12
2922 74 14
158 76 -14
27657 76 -12
366799 76 -10
2038723 76 -8
6659319 76 -6
14604219 76 -4
22946916 76 -2
26586970 76 0
22946916 76 2
14604219 76 4
6659319 76 6
2038723 76 8
366799 76 10
27657 76 12
158 76 14
2 78 -14
4067 78 -12
85650 78 -10
562153 78 -8
2004603 78 -6
4623271 78 -4
7455557 78 -2
8710544 78 0
7455557 78 2
4623271 78 4
2004603 78 6
562153 78 8
85650 78 10
4067 78 12
2 78 14
371 80 -12
17874 80 -10
145541 80 -8
579434 80 -6
1419913 80 -4
2356981 80 -2
2781226 80 0
2356981 80 2
1419913 80 4
579434 80 6
145541 80 8
17874 80 10
371 80 12
12 82 -12
3276 82 -10
35597 82 -8
160253 82 -6
419624 82 -4
720376 82 -2
859078 82 0
720376 82 2
419624 82 4
160253 82 6
35597 82 8
3276 82 10
12 82 12
433 84 -10
7808 84 -8
41978 84 -6
119079 84 -4
214429 84 -2
259026 84 0
214429 84 2
119079 84 4
41978 84 6
7808 84 8
433 84 10
27 86 -10
1637 86 -8
10522 86 -6
32444 86 -4
61003 86 -2
74528 86 0
61003 86 2
32444 86 4
10522 86 6
1637 86 8
27 86 10
275 88 -8
2313 88 -6
8483 88 -4
16846 88 -2
20760 88 0
16846 88 2
8483 88 4
2313 88 6
275 88 8
30 90 -8
514 90 -6
2123 90 -4
4365 90 -2
5530 90 0
4365 90 2
2123 90 4
514 90 6
30 90 8
97 92 -6
468 92 -4
1049 92 -2
1498 92 0
1049 92 2
468 92 4
97 92 6
18 94 -6
96 94 -4
267 94 -2
342 94 0
267 94 2
96 94 4
18 94 6
16 96 -4
72 96 -2
62 96 0
72 96 2
16 96 4
6 98 -4
8 98 -2
18 98 0
8 98 2
6 98 4
6 100 0
1 102 -2
1 102 2
